           1   59828.8633       59828.8633       59828.8633       59828.8633       59828.8633       59828.8633       59828.8633       59828.8633       59828.8633       59828.8633       59828.8633       59828.8633       59828.8633       59828.8633    
           2   59828.8633       59828.8633       59828.8633       59828.8633       59828.8633       59828.8633       59828.8633       59828.8633       59828.8633       59828.8633       59828.8633       59828.8633       59828.8633       59828.8633    
           3   59828.8633       59828.8633       59828.8633       59828.8633       59828.8633       59828.8633       59828.8633       59828.8633       59828.8633       59828.8633       59828.8633       59828.8633       59828.8633       59828.8633    
           4   59828.8633       59828.8633       59828.8633       59828.8633       59828.8633       59828.8633       59828.8633       59828.8633       59828.8633       59828.8633       59828.8633       59828.8633       59828.8633       59828.8633    
           5   59828.8633       59828.8633       59828.8633       59828.8633       59828.8633       59828.8633       59828.8633       59828.8633       59828.8633       59828.8633       59828.8633       59828.8633       59828.8633       59828.8633    
           6   59828.8633       59828.8633       59828.8633       59828.8633       59828.8633       59828.8633       59828.8633       59828.8633       59828.8633       59828.8633       59828.8633       59828.8633       59828.8633       59828.8633    
           7   59828.8633       59828.8633       59828.8633       59828.8633       59828.8633       59828.8633       59828.8633       59828.8633       59828.8633       59828.8633       59828.8633       59828.8633       59828.8633       59828.8633    
           8   59828.8633       59828.8633       59828.8633       59828.8633       59828.8633       59828.8633       59828.8633       59828.8633       59828.8633       59828.8633       59828.8633       59828.8633       59828.8633       59828.8633    
           9   59828.8633       59828.8633       59828.8633       59828.8633       59828.8633       59828.8633       59828.8633       59828.8633       59828.8633       59828.8633       59828.8633       59828.8633       59828.8633       59828.8633    
          10   59828.8633       59828.8633       59828.8633       59828.8633       59828.8633       59828.8633       59828.8633       59828.8633       59828.8633       59828.8633       59828.8633       59828.8633       59828.8633       59828.8633    
          11   59828.8633       59828.8633       59828.8633       59828.8633       59828.8633       59828.8633       59828.8633       59828.8633       59828.8633       59828.8633       59828.8633       59828.8633       59828.8633       59828.8633    
          12   59828.8633       59828.8633       59828.8633       59828.8633       59828.8633       59828.8633       59828.8633       59828.8633       59828.8633       59828.8633       59828.8633       59828.8633       59828.8633       59828.8633    
          13   59828.8633       59828.8633       59828.8633       59828.8633       59828.8633       59828.8633       59828.8633       59828.8633       59828.8633       59828.8633       59828.8633       59828.8633       59828.8633       59828.8633    
          14   59828.8633       59828.8633       59828.8633       59828.8633       59828.8633       59828.8633       59828.8633       59828.8633       59828.8633       59828.8633       59828.8633       59828.8633       59828.8633       59828.8633    
          15   59828.8633       59828.8633       59828.8633       59828.8633       59828.8633       59828.8633       59828.8633       59828.8633       59828.8633       59828.8633       59828.8633       59828.8633       59828.8633       59828.8633    
          16   59828.8633       59828.8633       59828.8633       59828.8633       59828.8633       59828.8633       59828.8633       59828.8633       59828.8633       59828.8633       59828.8633       59828.8633       59828.8633       59828.8633    
          17   59828.8633       59828.8633       59828.8633       59828.8633       59828.8633       59828.8633       59828.8633       59828.8633       59828.8633       59828.8633       59828.8633       59828.8633       59828.8633       59828.8633    
          18   59828.8633       59828.8633       59828.8633       59828.8633       59828.8633       59828.8633       59828.8633       59828.8633       59828.8633       59828.8633       59828.8633       59828.8633       59828.8633       59828.8633    
          19   59828.8633       59828.8633       59828.8633       59828.8633       59828.8633       59828.8633       59828.8633       59828.8633       59828.8633       59828.8633       59828.8633       59828.8633       59828.8633       59828.8633    
          20   59828.8633       59828.8633       59828.8633       59828.8633       59828.8633       59828.8633       59828.8633       59828.8633       59828.8633       59828.8633       59828.8633       59828.8633       59828.8633       59828.8633    
          21   59828.8633       59828.8633       59828.8633       59828.8633       59828.8633       59828.8633       59828.8633       59828.8633       59828.8633       59828.8633       59828.8633       59828.8633       59828.8633       59828.8633    
          22   59828.8633       59828.8633       59828.8633       59828.8633       59828.8633       59828.8633       59828.8633       59828.8633       59828.8633       59828.8633       59828.8633       59828.8633       59828.8633       59828.8633    
          23   59828.8633       59828.8633       59828.8633       59828.8633       59828.8633       59828.8633       59828.8633       59828.8633       59828.8633       59828.8633       59828.8633       59828.8633       59828.8633       59828.8633    
          24   59828.8633       59828.8633       59828.8633       59828.8633       59828.8633       59828.8633       59828.8633       59828.8633       59828.8633       59828.8633       59828.8633       59828.8633       59828.8633       59828.8633    
          25   59828.8633       59828.8633       59828.8633       59828.8633       59828.8633       59828.8633       59828.8633       59828.8633       59828.8633       59828.8633       59828.8633       59828.8633       59828.8633       59828.8633    
          26   59828.8633       59828.8633       59828.8633       59828.8633       59828.8633       59828.8633       59828.8633       59828.8633       59828.8633       59828.8633       59828.8633       59828.8633       59828.8633       59828.8633    
          27   59828.8633       59828.8633       59828.8633       59828.8633       59828.8633       59828.8633       59828.8633       59828.8633       59828.8633       59828.8633       59828.8633       59828.8633       59828.8633       59828.8633    
          28   59828.8633       59828.8633       59828.8633       59828.8633       59828.8633       59828.8633       59828.8633       59828.8633       59828.8633       59828.8633       59828.8633       59828.8633       59828.8633       59828.8633    
          29   59828.8633       59828.8633       59828.8633       59828.8633       59828.8633       59828.8633       59828.8633       59828.8633       59828.8633       59828.8633       59828.8633       59828.8633       59828.8633       59828.8633    
          30   59828.8633       59828.8633       59828.8633       59828.8633       59828.8633       59828.8633       59828.8633       59828.8633       59828.8633       59828.8633       59828.8633       59828.8633       59828.8633       59828.8633    
          31   59828.8633       59828.8633       59828.8633       59828.8633       59828.8633       59828.8633       59828.8633       59828.8633       59828.8633       59828.8633       59828.8633       59828.8633       59828.8633       59828.8633    
          32   59828.8633       59828.8633       59828.8633       59828.8633       59828.8633       59828.8633       59828.8633       59828.8633       59828.8633       59828.8633       59828.8633       59828.8633       59828.8633       59828.8633    
          33   59828.8633       59828.8633       59828.8633       59828.8633       59828.8633       59828.8633       59828.8633       59828.8633       59828.8633       59828.8633       59828.8633       59828.8633       59828.8633       59828.8633    
          34   59828.8633       59828.8633       59828.8633       59828.8633       59828.8633       59828.8633       59828.8633       59828.8633       59828.8633       59828.8633       59828.8633       59828.8633       59828.8633       59828.8633    
          35   59836.0586       59828.8633       59828.8633       59828.8633       59828.8633       59828.8633       59828.8633       59828.8633       59828.8633       59828.8633       59828.8633       59828.8633       59828.8633       59828.8633    
          36   59869.8555       59841.8281       59839.3359       59841.3789       59847.5547       59843.3633       59839.1094       59847.7383       59845.2266       59833.6133       59842.4570       59854.4609       59838.2031       59843.3320    
          37   59903.7852       59875.6641       59873.1758       59875.2266       59881.3906       59877.1914       59872.9414       59881.5938       59879.0742       59867.1836       59876.3086       59888.3164       59872.0273       59877.1680    
          38   59938.1211       59909.5078       59907.0117       59909.0547       59915.2383       59911.0391       59906.7734       59915.4375       59912.9180       59901.0156       59910.1367       59922.1758       59905.8828       59911.0078    
          39   59987.9375       59947.2969       59943.1719       59946.1719       59956.0586       59949.4883       59943.1016       59956.2773       59952.7031       59935.3906       59948.1914       59966.3008       59941.7539       59949.5156    
          40   60040.7539       59999.0586       59994.5742       59997.8438       60007.9102       60001.2422       59994.5938       60008.1523       60004.4883       59985.3047       59999.9492       60019.0625       59993.0781       60001.2891    
          41   60096.5000       60050.6797       60047.3047       60050.2461       60059.1328       60052.4922       60047.3125       60059.3711       60055.7227       60038.0312       60051.2969       60070.6719       60045.8008       60052.5195    
          42   60181.8438       60119.0156       60110.3711       60115.8203       60133.2344       60122.1250       60111.3125       60133.4688       60128.2148       60095.5039       60120.2852       60152.2227       60108.5742       60122.4141    
          43   60267.2070       60204.7227       60196.0391       60201.5000       60218.9961       60207.8125       60196.9766       60219.2227       60213.9062       60181.1250       60205.9805       60237.9414       60194.2461       60208.0859    
          44   60358.5156       60290.0391       60281.3125       60286.7852       60304.3047       60293.1289       60282.2539       60304.5312       60299.1914       60266.3984       60291.2500       60324.5898       60279.5195       60293.4102    
          45   60484.6055       60391.2734       60379.6875       60386.0234       60412.9883       60395.3750       60381.5078       60413.0781       60405.6641       60359.8594       60392.8984       60444.6133       60378.1953       60396.0352    
          46   60627.0977       60527.4336       60511.3047       60520.3672       60550.3672       60531.7852       60514.1406       60550.4727       60542.8086       60487.2734       60529.1445       60583.5000       60509.3164       60532.5703    
          47   60791.2148       60677.0859       60658.8633       60667.5000       60705.3555       60682.1055       60661.8711       60705.3984       60696.3203       60631.7930       60679.0508       60745.4766       60657.3594       60683.2812    
          48   60982.4219       60848.7969       60825.6172       60837.6641       60882.6953       60854.3789       60830.0977       60882.5742       60871.7930       60795.7500       60850.9297       60935.1602       60823.6133       60855.7852    
          49   61208.6250       61058.0156       61028.8945       61044.0547       61095.9648       61064.1797       61035.2891       61095.7773       61084.0742       60989.9453       61060.3750       61155.6367       61026.9180       61065.8594    
          50   61465.9883       61293.4023       61259.3672       61276.7812       61336.8594       61300.2305       61267.1719       61336.5664       61323.4844       61215.6875       61295.9805       61407.2422       61257.4531       61302.3281    
          51   61766.3125       61571.3242       61528.7617       61550.0352       61623.8594       61579.2031       61538.9609       61623.3867       61608.0781       61474.7500       61574.2852       61696.7734       61526.9141       61581.8945    
          52   62110.4570       61889.0391       61838.2344       61862.8359       61938.5703       61895.8008       61850.4570       61937.8086       61922.9297       61777.8242       61891.8906       62036.9258       61836.5664       61898.1445    
          53   62497.9609       62246.8867       62185.8867       62215.4023       62311.0859       62257.0156       62201.3359       62310.3438       62296.8281       62120.2695       62250.6172       62414.2266       62184.4414       62261.1562    
          54   62930.7383       62653.8594       62584.8242       62618.4961       62720.0195       62661.3047       62602.9883       62718.7969       62699.7539       62508.1641       62656.6328       62840.8906       62583.5703       62664.7227    
          55   63407.4258       63101.9258       63023.9180       63058.7852       63179.0234       63114.5195       63041.5352       63177.7539       63157.2812       62943.1328       63106.5000       63309.8594       63023.2695       63120.5078    
          56   63912.2266       63584.3750       63512.0547       63544.9180       63676.3945       63595.5977       63530.2969       63675.0000       63653.1914       63415.1992       63588.3984       63814.8125       63511.5195       63602.5859    
          57   64422.8398       64097.9023       64013.5625       64054.1133       64189.8008       64109.9766       64037.8516       64188.1602       64164.6914       63917.8555       64102.2305       64330.4297       64013.4844       64116.1836    
          58   64869.2109       64594.0781       64513.5547       64554.6562       64675.5000       64606.5156       64537.8164       64674.0898       64656.7969       64424.5898       64598.5000       64798.3047       64513.8164       64611.8672    
          59   65032.7891       64987.1484       64934.4570       64959.7852       65032.4180       64994.9609       64951.4883       65032.4219       65023.8398       64867.4844       64990.0781       65032.5273       64934.7188       64998.1523    
          60   65546.4141       65035.7656       65033.9492       65034.7305       65039.3320       65036.0195       65034.4180       65039.1758       65037.8281       65032.7188       65035.8555       65246.6211       65033.9531       65036.1758    
          61   67465.7578       66179.5234       65853.9219       66000.5938       66534.5547       66220.8438       65945.5938       66527.3750       66440.2656       65504.9688       66194.0156       67114.7734       65858.1406       66245.7266    
          62   69714.8047       68194.3594       67807.4688       67981.2656       68614.4141       68242.8125       67917.2734       68605.7812       68503.1562       67394.0625       68211.1797       69302.9453       67813.2891       68272.6172    
          63   72350.5156       70551.2266       70090.9297       70294.5781       71046.7969       70608.1641       70220.4141       71036.6562       70917.7500       69598.8984       70571.0547       71867.7031       70098.7109       70644.2031    
          64   75445.8828       73311.0703       72760.5469       73006.6328       73904.2422       73376.9453       72918.0000       73891.8750       73747.8906       72179.2109       73333.8906       74882.4062       72770.4531       73419.5938    
          65   79093.4922       76550.3594       75893.8516       76186.3828       77257.8203       76628.4375       76083.3125       77243.2344       77072.6016       75202.3438       76577.1797       78427.3438       75906.8281       76679.9531    
          66   83402.1172       80362.6719       79576.2109       79925.2188       81207.9531       80455.1250       79803.4297       81191.1719       80987.2734       78750.5859       80394.4062       82611.9688       79592.7031       80517.2422    
          67   88509.4375       84861.8906       83916.6562       84334.6328       85876.3047       84971.7812       84190.7031       85856.1094       85612.9609       82928.0469       84900.0391       87566.7578       83937.2891       85047.2734    
          68   94589.3125       90191.0547       89050.2188       89553.6484       91413.7969       90322.3906       89381.7734       91389.7031       91096.3281       87862.3438       90236.2344       93458.7109       89075.7266       90413.9375    
          69   101859.250       96529.0625       95146.4062       95754.6641       98008.9297       96686.3828       95548.6484       97980.3828       97625.8125       93711.6328       96582.7812       100494.602       95178.5312       96798.0859    
          70   110601.266       104101.695       102418.586       103156.727       105903.211       104292.156       102909.383       105870.117       105437.812       100677.508       104166.789       108942.125       102457.852       104429.281    
          71   121175.320       113199.195       111136.750       112039.922       115405.367       113430.195       111739.297       115365.344       114835.688       109012.508       113278.672       119143.328       111186.211       113599.695    
          72   133194.797       124194.008       121652.055       122762.203       126914.047       124476.945       122394.797       126866.836       126212.023       119042.883       124290.555       131207.828       121713.539       124686.773    
          73   146531.016       136169.469       133553.812       134629.828       138970.141       136360.109       134299.219       138935.891       138158.797       130877.656       136242.484       143816.953       133629.375       136601.688    
          74   163638.812       150036.094       146650.328       148051.906       153644.875       150461.562       147656.750       153606.875       152751.734       143183.719       150181.797       160081.297       146702.719       150669.578    
          75   185494.609       167842.641       163525.828       165442.766       172628.906       168335.203       164755.047       172554.609       171493.844       158950.047       167985.484       181064.188       163607.656       168751.969    
          76   213990.969       190856.219       185012.328       187545.797       197063.406       191356.953       186679.031       196973.922       195338.906       179237.797       191057.984       207965.953       185111.250       191817.219    
          77   250475.766       220034.469       212564.984       215745.234       228379.812       220893.656       214644.312       228277.500       226157.906       205024.312       220325.891       242619.016       212760.672       221585.219    
          78   294654.781       257942.391       247872.859       252320.344       267839.344       259054.906       250896.500       267725.781       265279.125       238022.188       258320.734       285370.344       248100.047       259967.734    
          79   353134.844       303198.188       290690.875       295776.406       316121.281       304222.656       294269.406       316022.906       312979.562       278524.250       303469.000       340177.344       291010.906       305144.438    
          80   431972.000       363045.844       346264.469       353559.625       380849.688       364516.312       351127.906       380715.031       376250.094       329957.000       363692.344       413682.969       346676.750       366125.219    
          81   537881.562       443550.969       420743.500       430622.406       468464.875       446120.000       427601.500       468331.219       462192.281       398142.344       444424.281       514347.219       421285.375       448336.969    
          82   678780.438       551710.625       521101.656       533815.500       583971.250       553881.125       530041.438       583868.250       575254.688       490457.875       552466.250       644795.375       521658.500       556890.125    
          83   876982.875       693777.375       651077.875       668692.500       740289.750       697794.312       662643.875       740270.000       727960.562       610157.812       695428.188       826883.125       651818.562       702064.625    
          84   1156665.88       893921.875       832934.188       857865.875       960836.000       899699.375       850938.938       960991.500       943097.875       774977.000       895601.188       1084554.38       834139.438       905805.812    
          85   1553090.00       1171674.62       1086496.38       1122404.62       1265378.75       1179982.62       1111181.62       1265881.88       1241281.38       1004553.50       1174887.38       1444589.00       1088037.50       1188816.75    
          86   2145910.75       1566449.12       1439683.12       1493253.38       1707809.50       1579427.88       1476388.38       1709038.38       1666300.12       1319204.00       1571322.00       1973068.50       1441278.62       1591980.25    
          87   3021162.00       2128924.00       1954069.50       2031864.00       2342358.75       2152772.00       1999181.88       2347132.00       2287406.50       1772429.62       2138258.25       2743369.50       1948811.25       2168683.50    
          88   4369360.00       2940610.50       2691913.00       2809022.00       3261883.25       2980547.25       2747456.75       3275576.25       3167753.75       2413231.50       2952175.75       3885005.75       2675010.25       2999076.75    
          89   6468443.50       4163216.75       3782984.50       3959549.50       4667888.50       4233805.00       3867433.50       4683895.00       4508570.50       3350440.75       4188845.50       5611763.50       3755566.25       4259537.00    
          90   9895044.00       5978699.00       5395613.00       5663451.50       6780245.00       6096358.50       5533765.50       6815576.50       6527232.00       4743460.50       6022805.50       8302955.00       5359942.50       6127367.00    
          91   15603845.0       8750623.00       7880994.50       8312890.00       9983424.00       8933795.00       8047024.00       10076254.0       9579815.00       6807381.00       8816354.00       12445257.0       7786080.00       9002588.00    
          92   25272834.0       12942936.0       11633514.0       12316980.0       15004748.0       13274521.0       11834487.0       15140896.0       14287939.0       9930263.00       13069913.0       18870472.0       11429054.0       13362439.0    
          93   42293100.0       19303166.0       17407538.0       18461012.0       22585410.0       19953792.0       17542232.0       22840070.0       21330190.0       14569995.0       19502928.0       28752958.0       16889190.0       19949904.0    
          94   73104424.0       28675650.0       26071904.0       27790018.0       33955760.0       29798760.0       25866152.0       34604780.0       31938526.0       21362458.0       28923012.0       43667948.0       24990656.0       29627866.0    
          95   130536000.       42008912.0       38852212.0       41451968.0       50339156.0       44049540.0       37685708.0       51343348.0       46228748.0       30880394.0       42477812.0       64923432.0       36345692.0       43393356.0    
          96   237557088.       59592492.0       56571012.0       60590248.0       72409456.0       63320012.0       53144876.0       73906424.0       65496564.0       43356480.0       60038156.0       92367760.0       51147964.0       61559544.0    
          97   433277184.       81450344.0       78973896.0       84475544.0       98672928.0       86099664.0       71040544.0       100854032.       86649384.0       57925804.0       80933912.0       123598376.       68315504.0       81847488.0    
          98   755277824.       105447864.       103986944.       111545096.       126233840.       110090424.       88558960.0       127957800.       106766896.       71770856.0       101170792.       151946288.       84389648.0       101314920.    
          99   1.19437184E+09   130108640.       127874144.       136140512.       148929632.       130351696.       102348832.       147755840.       121972144.       80985008.0       117153168.       171481408.       95548240.0       114953184.    
         100   1.64571379E+09   153738240.       145971344.       155355392.       166626720.       143440832.       109972952.       158517824.       129317776.       84556504.0       126583440.       179646080.       100185376.       121164944.    
         101   2.01593344E+09   179170992.       159530640.       169415264.       179132656.       151394464.       113831144.       162023200.       130895736.       83044656.0       128947864.       179605792.       99070384.0       120168504.    
         102   2.27191373E+09   207496528.       170874928.       180278256.       189744976.       156749808.       115145656.       162428384.       131022496.       79568480.0       129500520.       177066608.       95423232.0       116313688.    
         103   2.47072154E+09   238833664.       181691200.       191056336.       200001024.       161639136.       115093736.       162036160.       130754344.       75494896.0       129221640.       173858352.       91505992.0       112663760.    
         104   2.64174925E+09   271957184.       192646560.       200803776.       211024464.       166975952.       115352520.       162501824.       130648688.       71318432.0       128866680.       171374704.       86897024.0       109255952.    
         105   2.80221670E+09   307054880.       204174704.       211576432.       222828848.       172653424.       116276752.       163508720.       131035680.       67574680.0       128447272.       169580800.       82910168.0       106253280.    
         106   2.96249600E+09   344246656.       216885888.       222397136.       235568224.       178904640.       117625984.       165340656.       131453360.       64198720.0       127917472.       168122576.       79404848.0       103604168.    
         107   3.12536371E+09   383135616.       229905488.       233721520.       246290832.       185280800.       119459424.       168126304.       132500368.       61018088.0       127325160.       167711232.       76496176.0       101606456.    
         108   3.28978022E+09   422594592.       242940016.       242993200.       257731104.       192118272.       121678608.       171533840.       133569008.       58072332.0       126916448.       168278704.       73655728.0       99648328.0    
         109   3.45650381E+09   461825696.       254003600.       252628016.       269950688.       199537456.       124197144.       175489088.       135055632.       55274680.0       126342048.       169554432.       71319896.0       97932464.0    
         110   3.62394368E+09   498495744.       265912112.       262552912.       284377024.       206784224.       126806120.       179730656.       136555040.       52848676.0       125537736.       170754976.       68972816.0       96330832.0    
         111   3.78729344E+09   532038976.       279777024.       274377664.       299202304.       214157200.       129648136.       184662432.       137981088.       50484144.0       124714432.       172458304.       66829548.0       94924008.0    
         112   3.95011917E+09   564688768.       295301728.       287025120.       314505024.       221600992.       132805440.       189819888.       139422944.       48519100.0       123963928.       174358608.       64871040.0       93577456.0    
         113   4.11474534E+09   597653632.       310930592.       299454560.       329877536.       228846800.       136236176.       195205904.       140839792.       46539792.0       123077648.       176417808.       63089056.0       92144864.0    
         114   4.27920358E+09   630107712.       326818016.       311918080.       345390240.       235461504.       139633824.       200842368.       142371616.       44647576.0       122068952.       178644304.       61315496.0       90788840.0    
         115   4.44669645E+09   662124992.       342419520.       324181088.       360735296.       242439008.       142999792.       206422560.       143786544.       42790836.0       121003240.       180823232.       59541152.0       89414992.0    
         116   4.61339341E+09   693326976.       358042048.       336443808.       376096000.       249570272.       146402432.       212089328.       145394400.       41000876.0       120006464.       183288560.       57886208.0       88055976.0    
         117   4.77914931E+09   723815936.       373576288.       348550720.       391344448.       256973504.       149923824.       217885600.       147021040.       39248560.0       119122184.       185811824.       56264548.0       86903872.0    
         118   4.94275482E+09   753540544.       389181952.       360747584.       406615424.       264636912.       153521936.       223441456.       148697872.       37663884.0       118274504.       188449760.       54780096.0       85780936.0    
         119   5.10495590E+09   782516864.       404657152.       372858528.       421714368.       272894272.       157176752.       228736976.       150410560.       36178608.0       117511392.       191174768.       53332372.0       84695168.0    
         120   5.26537677E+09   810827136.       419859328.       384741824.       436556288.       281279232.       160977968.       234377248.       152194144.       34726148.0       116816416.       194037248.       51949068.0       83761344.0    
         121   5.42319565E+09   838524544.       434949472.       396600128.       450634272.       289576128.       164757712.       240125696.       154084272.       33393414.0       116180168.       196997568.       50621636.0       82832640.0    
         122   5.57867725E+09   865697408.       449430816.       408337664.       463560576.       297944416.       168741184.       246126560.       156107072.       32150178.0       115786680.       200184464.       49451000.0       82149160.0    
         123   5.73084979E+09   891785984.       462420384.       420082432.       476623392.       306416832.       172878224.       252274816.       158258848.       30971148.0       115536000.       203607760.       48403692.0       81618616.0    
         124   5.87946906E+09   916120576.       475482976.       431647232.       489755424.       314956000.       176980704.       258449216.       160663072.       29894542.0       115470168.       207166400.       47439676.0       81145656.0    
         125   6.02527130E+09   940263552.       488267072.       442174624.       502561280.       323410816.       181181040.       264761200.       163113840.       28900510.0       115569928.       210790112.       46526280.0       80784928.0    
         126   6.16779008E+09   963897536.       500877152.       451868800.       515078336.       331688224.       185365760.       271363008.       165588944.       27996420.0       115676552.       214252352.       45714828.0       80465896.0    
         127   6.30674125E+09   986882688.       513156864.       461620192.       527282784.       339707136.       189408992.       277838176.       168000880.       27113256.0       115784224.       217618128.       44866716.0       80122136.0    
         128   6.44210637E+09   1.00925056E+09   525095424.       471424352.       539262720.       347480704.       193362768.       284158688.       170336336.       26260476.0       115923248.       221030976.       44106500.0       79787248.0    
         129   6.57348454E+09   1.03079034E+09   536799104.       480651424.       551380608.       355022016.       197159872.       290252896.       172607968.       25517372.0       116033944.       224352576.       43366376.0       79449656.0    
         130   6.70081178E+09   1.05158291E+09   548608512.       489875200.       563148288.       362314944.       200731472.       296060832.       174783760.       24758264.0       116127360.       227550944.       42606824.0       79107232.0    
         131   6.82210560E+09   1.07154963E+09   560438464.       498690048.       574612800.       369345696.       204350224.       301865728.       176885952.       24109612.0       116299392.       230746496.       41982996.0       78872992.0    
         132   6.93984102E+09   1.09136307E+09   571735872.       507346272.       585560192.       376062432.       207754224.       307343008.       178837568.       23516870.0       116388112.       233747584.       41370940.0       78519168.0    
         133   7.05345792E+09   1.11052723E+09   582580544.       515508448.       596036928.       382490464.       210836016.       312642752.       180712128.       22949218.0       116435344.       236681008.       40724548.0       78237824.0    
         134   7.16243251E+09   1.12894067E+09   592998400.       523344928.       606103168.       388641504.       213683568.       317762496.       182487056.       22389222.0       116466464.       239504144.       40160476.0       77933520.0    
         135   7.26712269E+09   1.14657869E+09   602911168.       530925920.       615691648.       394473376.       216224800.       322646592.       184199504.       21876334.0       116510840.       242224448.       39608336.0       77662320.0    
         136   7.36684698E+09   1.16334656E+09   612333440.       538305472.       624836864.       400075520.       218819824.       327305664.       185834544.       21421920.0       116543736.       244834448.       39079540.0       77386304.0    
         137   7.46225408E+09   1.17934042E+09   621266048.       545488256.       633509120.       405347200.       221280624.       331674112.       187386096.       20961582.0       116559976.       247291488.       38590664.0       77099568.0    
         138   7.55230362E+09   1.19438874E+09   629729216.       552473472.       641693312.       410423776.       223675120.       335845792.       188893552.       20534546.0       116621200.       249694096.       38125652.0       76869432.0    
         139   7.63801242E+09   1.20866765E+09   637683712.       559021760.       649433984.       415134592.       225950576.       339767200.       190306640.       20145570.0       116675520.       251944368.       37703444.0       76662896.0    
         140   7.71836160E+09   1.22209293E+09   645211072.       565138176.       656737856.       419638752.       228147456.       343533504.       191648896.       19803352.0       116756136.       254109488.       37317468.0       76468320.0    
         141   7.79440026E+09   1.23476314E+09   652259456.       570796352.       663614400.       423567648.       230202976.       347058496.       192952384.       19476346.0       116812712.       256165264.       36960360.0       76271816.0    
         142   7.86487706E+09   1.24655680E+09   658919744.       576315968.       670090560.       426894720.       232180192.       350405152.       194210592.       19195542.0       116928376.       258184544.       36662668.0       76159416.0    
         143   7.93133312E+09   1.25759770E+09   665026816.       581371776.       676059840.       430193088.       233978752.       353485184.       195365088.       18924914.0       117006616.       260031152.       36353204.0       76025128.0    
         144   7.99244493E+09   1.26779942E+09   670760256.       585982272.       681598720.       433366688.       235720896.       356451264.       196432288.       18708636.0       117111816.       261765088.       36100944.0       75923272.0    
         145   8.04941005E+09   1.27718477E+09   675984704.       590247168.       686683392.       436283904.       237291472.       359061600.       197430672.       18493048.0       117196176.       263374608.       35864736.0       75812672.0    
         146   8.10167142E+09   1.28582285E+09   680772672.       594146560.       691349952.       439004448.       238755920.       361555712.       198350848.       18297852.0       117323968.       264905328.       35655456.0       75746112.0    
         147   8.14920141E+09   1.29364736E+09   685167552.       597762752.       695581952.       441501152.       240124512.       363750912.       199201536.       18142244.0       117454448.       266303280.       35485736.0       75714424.0    
         148   8.19248896E+09   1.30075994E+09   689130880.       601079680.       699415232.       443768160.       241380224.       365800544.       199977872.       18006600.0       117574768.       267596512.       35331996.0       75689952.0    
         149   8.23154944E+09   1.30714368E+09   692702272.       603926464.       702870720.       445822016.       242514416.       367637664.       200660944.       17889850.0       117700528.       268769984.       35206804.0       75679472.0    
         150   8.26647706E+09   1.31286592E+09   695867456.       606503744.       705898560.       447638656.       243528640.       369322496.       201290304.       17796824.0       117823000.       269807712.       35114876.0       75675432.0    
         151   8.29740032E+09   1.31786918E+09   698654464.       608763520.       708574208.       449253184.       244428608.       370780512.       201850448.       17719206.0       117934312.       270719584.       35031208.0       75675192.0    
         152   8.32440064E+09   1.32216179E+09   701074432.       610825152.       710899008.       450652576.       245273392.       372032192.       202337680.       17668742.0       118067984.       271525920.       34986588.0       75723120.0    
         153   8.34789990E+09   1.32593472E+09   703138880.       612432064.       712829184.       451861312.       245932048.       373151264.       202763248.       17628236.0       118199136.       272214432.       34952816.0       75766912.0    
         154   8.36757146E+09   1.32904333E+09   704879552.       613823872.       714470336.       452868448.       246551664.       374065376.       203122112.       17610510.0       118328824.       272788896.       34935444.0       75827072.0    
         155   8.38363546E+09   1.33156096E+09   706320896.       614979264.       715782720.       453723968.       247079216.       374868608.       203413104.       17608440.0       118456456.       273271392.       34938004.0       75901120.0    
         156   8.39629517E+09   1.33344922E+09   707433024.       615973760.       716805376.       454378240.       247524560.       375514656.       203674464.       17632636.0       118604088.       273658112.       34969724.0       75985272.0    
         157   8.40640205E+09   1.33495002E+09   708247872.       616485952.       717494464.       454864928.       247899200.       375960864.       203855888.       17665774.0       118709568.       273903328.       35009428.0       76076776.0    
         158   8.41279744E+09   1.33583334E+09   708810752.       616960320.       717955968.       455219680.       248166512.       376300096.       203993936.       17710940.0       118859112.       274099456.       35074188.0       76185440.0    
         159   8.41673882E+09   1.33627187E+09   709097408.       617216320.       718130688.       455392640.       248406112.       376510176.       204083952.       17769350.0       118975624.       274182784.       35150940.0       76297224.0    
         160   8.41803008E+09   1.33629760E+09   709130432.       617186496.       718062912.       455449280.       248530256.       376617088.       204102528.       17841316.0       119097816.       274188192.       35248972.0       76429248.0    
         161   8.41684634E+09   1.33592602E+09   708954816.       616953024.       717767488.       455354816.       248578256.       376562336.       204104192.       17925010.0       119229768.       274137696.       35346448.0       76558816.0    
         162   8.41328230E+09   1.33509824E+09   708514816.       616511360.       717244032.       455140160.       248582176.       376440736.       204054768.       18017734.0       119354640.       273980512.       35456500.0       76685032.0    
         163   8.40773734E+09   1.33394586E+09   707915968.       616005120.       716502272.       454816576.       248518464.       376166560.       203947488.       18122256.0       119481848.       273777248.       35577620.0       76833600.0    
         164   8.39964006E+09   1.33240512E+09   707117504.       615267264.       715603072.       454420928.       248439168.       375832800.       203834224.       18230238.0       119613480.       273511264.       35713888.0       76979056.0    
         165   8.39028019E+09   1.33057190E+09   706115200.       614472512.       714494976.       453897696.       248296080.       375386624.       203662400.       18353300.0       119735008.       273167136.       35857172.0       77135712.0    
         166   8.37855949E+09   1.32847923E+09   704993088.       613403136.       713252736.       453295584.       248153936.       374883968.       203460768.       18483180.0       119843920.       272774368.       36013080.0       77297672.0    
         167   8.36560998E+09   1.32608230E+09   703700864.       612263104.       711843648.       452639168.       247897296.       374343296.       203237936.       18621444.0       119971048.       272347616.       36179688.0       77477208.0    
         168   8.35118182E+09   1.32343091E+09   702265408.       611078272.       710304448.       451881344.       247622928.       373691008.       202959328.       18775146.0       120090496.       271855104.       36352628.0       77646480.0    
         169   8.33557350E+09   1.32055539E+09   700695616.       609763200.       708603264.       451102720.       247328384.       372906304.       202667792.       18929056.0       120198400.       271305824.       36530420.0       77816320.0    
         170   8.31802931E+09   1.31745408E+09   699025280.       608316352.       706815552.       450301792.       247012096.       372173600.       202353088.       19087608.0       120335184.       270737536.       36710692.0       77992456.0    
         171   8.29967258E+09   1.31415834E+09   697263552.       606801344.       704921280.       449496832.       246609456.       371318112.       202013728.       19251712.0       120449304.       270117248.       36913048.0       78178208.0    
         172   8.28050330E+09   1.31067686E+09   695373504.       605160192.       702867520.       448834976.       246269760.       370430112.       201629264.       19419820.0       120562816.       269469696.       37113192.0       78366608.0    
         173   8.26023680E+09   1.30709837E+09   693423168.       603502272.       700822784.       447840960.       245838688.       369515168.       201264272.       19598790.0       120676656.       268898528.       37313848.0       78556944.0    
         174   8.23923968E+09   1.30339699E+09   691395968.       601769600.       698668992.       446574720.       245446864.       368588576.       200884384.       19780790.0       120804880.       268329280.       37519196.0       78744808.0    
         175   8.21742694E+09   1.29951629E+09   689342400.       599996736.       696482432.       445275296.       244999952.       367585088.       200513296.       19968938.0       120904344.       267757712.       37731232.0       78940560.0    
         176   8.19500442E+09   1.29553152E+09   687179712.       598175040.       694204800.       443930912.       244568784.       366628960.       200105584.       20151136.0       121028376.       267176080.       37944408.0       79134752.0    
         177   8.17195366E+09   1.29149440E+09   684984128.       596317184.       691905344.       442553472.       244098944.       365547776.       199720032.       20342898.0       121139080.       266568400.       38158012.0       79320728.0    
         178   8.14839910E+09   1.28739162E+09   682744576.       594397056.       689538496.       441141184.       243609344.       364560960.       199292432.       20534824.0       121247080.       265956256.       38379024.0       79518368.0    
         179   8.12442931E+09   1.28316736E+09   680468736.       592466176.       687140096.       439714112.       243141168.       363411040.       198875888.       20737942.0       121365272.       265316272.       38593996.0       79713512.0    
         180   8.09987533E+09   1.27887501E+09   678130816.       590483072.       684691712.       438259872.       242651744.       362402496.       198443248.       20934624.0       121469552.       264688992.       38815228.0       79902352.0    
         181   8.07484518E+09   1.27455181E+09   675804160.       588497600.       682234176.       436800512.       242173616.       361241632.       198020944.       21133200.0       121595144.       264063344.       39040244.0       80095624.0    
         182   8.04975565E+09   1.27019213E+09   673442880.       586480384.       679742720.       435329120.       241676576.       360214752.       197582736.       21333892.0       121693176.       263433488.       39257076.0       80289264.0    
         183   8.02448947E+09   1.26581478E+09   671058304.       584456960.       677248256.       433849088.       241178832.       359014688.       197137296.       21537800.0       121807808.       262786816.       39483060.0       80476968.0    
         184   7.99911834E+09   1.26134106E+09   668626368.       582390464.       674689856.       432342432.       240682032.       357948096.       196707344.       21741736.0       121919184.       262137056.       39706404.0       80673128.0    
         185   7.97362074E+09   1.25685197E+09   666201024.       580307840.       672160256.       430841056.       240194400.       356753504.       196249728.       21949784.0       122028120.       261475520.       39930480.0       80860408.0    
         186   7.94814566E+09   1.25236902E+09   663749376.       578202240.       669578688.       429329888.       239703984.       355586624.       195807760.       22154994.0       122125416.       260815776.       40149908.0       81051088.0    
         187   7.92206336E+09   1.24786854E+09   661313152.       576100224.       667020544.       427800160.       239208048.       354495552.       195355024.       22355986.0       122233528.       260162160.       40374444.0       81232160.0    
         188   7.89627904E+09   1.24335936E+09   658851968.       574007488.       664469248.       426262048.       238747136.       353276576.       194904432.       22562756.0       122334464.       259502944.       40593356.0       81419648.0    
         189   7.87021875E+09   1.23883738E+09   656392640.       571909568.       661865344.       424746848.       238298752.       352148512.       194462240.       22766362.0       122430192.       258871248.       40811252.0       81593464.0    
         190   7.84436531E+09   1.23432730E+09   653904576.       569833536.       659275776.       423219616.       237852960.       351042752.       194000224.       22970762.0       122518944.       258218288.       41026316.0       81776400.0    
         191   7.81854720E+09   1.22980019E+09   651434944.       567826688.       656701632.       421697984.       237462192.       349840352.       193551696.       23172734.0       122617552.       257543632.       41240488.0       81951496.0    
         192   7.79260416E+09   1.22528282E+09   648950208.       565639488.       654124480.       420151200.       237216496.       348623040.       193097456.       23373962.0       122705120.       256902512.       41455012.0       82120952.0    
         193   7.76680806E+09   1.22079514E+09   646470208.       563509696.       651515776.       418632576.       236768448.       347478336.       192645472.       23573768.0       122787800.       256242336.       41662892.0       82301192.0    
         194   7.74122701E+09   1.21632461E+09   644006848.       561495808.       648947392.       417098528.       236229392.       346359872.       192170528.       23768670.0       122862496.       255571536.       41874364.0       82453904.0    
         195   7.71559168E+09   1.21186547E+09   641513920.       559910016.       646367040.       415511328.       235554400.       345083776.       191668480.       23958826.0       122899488.       254856016.       42073880.0       82576336.0    
         196   7.69016218E+09   1.20743398E+09   639038720.       558340864.       643796672.       413944480.       234925200.       343838496.       191212384.       24136668.0       122939728.       254153872.       42262896.0       82699112.0    
         197   7.66496768E+09   1.20298304E+09   636551488.       556651584.       641235136.       412375328.       234250400.       342561952.       190708528.       24316676.0       122962768.       253437904.       42448528.0       82825680.0    
         198   7.64070246E+09   1.19861133E+09   634001088.       554755520.       638641728.       410769312.       233574128.       341265952.       190203136.       24498780.0       122993496.       252709744.       42626632.0       82938216.0    
         199   7.61509222E+09   1.19409984E+09   631591936.       553105152.       636107200.       409264736.       232939504.       340108672.       189743376.       24710206.0       123069592.       252075504.       42843516.0       83104248.0    
         200   7.58926541E+09   1.18971341E+09   629207296.       551298624.       633601664.       407771968.       232331312.       338972352.       189289968.       24914538.0       123143552.       251449008.       43060312.0       83267664.0    
         201   7.56359680E+09   1.18527360E+09   626820928.       549612736.       631091008.       406260192.       231697744.       337843776.       188830976.       25125164.0       123207040.       250829904.       43272260.0       83431912.0    
         202   7.53797939E+09   1.18081011E+09   624474560.       547822144.       628598528.       404793472.       231083072.       336757824.       188379840.       25328132.0       123284008.       250228016.       43488092.0       83575072.0    
         203   7.51254426E+09   1.17642957E+09   622121984.       546093632.       626117824.       403310208.       230459024.       335676096.       187917840.       25533776.0       123347112.       249608944.       43690488.0       83738248.0    
         204   7.48713523E+09   1.17208128E+09   619750592.       544391424.       623661824.       401816064.       229832752.       334577152.       187474160.       25736254.0       123407984.       249009488.       43904564.0       83890584.0    
         205   7.46147328E+09   1.16767437E+09   617432640.       542602880.       621188096.       400340800.       229204000.       333442688.       187014256.       25936268.0       123468928.       248409008.       44108920.0       84041552.0    
         206   7.43614822E+09   1.16342554E+09   615125248.       540963136.       618716480.       398887008.       228588320.       332277440.       186552160.       26129858.0       123505168.       247820384.       44306372.0       84180144.0    
         207   7.41109606E+09   1.15907878E+09   612798336.       539198336.       616266432.       397409120.       227958048.       331151808.       186077472.       26334046.0       123523536.       247224720.       44503820.0       84303080.0    
         208   7.38590054E+09   1.15487514E+09   610503360.       537455360.       613836736.       395923200.       227302928.       330099392.       185571168.       26532588.0       123540952.       246651520.       44688132.0       84429872.0    
         209   7.36079104E+09   1.15069555E+09   608168192.       535764992.       611371264.       394431008.       226650352.       329022080.       185090768.       26732444.0       123559992.       246073104.       44865916.0       84537560.0    
         210   7.33644134E+09   1.14709338E+09   605831424.       533999392.       608844224.       392913184.       225978400.       327815424.       184565872.       26914486.0       123549944.       245529456.       45052664.0       84640000.0    
         211   7.31146598E+09   1.14325094E+09   603526720.       532206944.       606420160.       391407968.       225322688.       326667904.       184052336.       27103746.0       123541424.       244961376.       45227200.0       84734976.0    
         212   7.28715315E+09   1.13942118E+09   601226176.       530527968.       603961472.       389904960.       224659504.       325628960.       183533904.       27295094.0       123518888.       244351536.       45400668.0       84830936.0    
         213   7.26216602E+09   1.13547789E+09   598980032.       528903648.       601533952.       388421312.       223997776.       324436864.       183025744.       27493352.0       123522600.       243703600.       45580012.0       84932040.0    
         214   7.23792845E+09   1.13151642E+09   596741440.       527203040.       599147712.       386928352.       223333472.       323280640.       182521200.       27685222.0       123514056.       243061760.       45754092.0       85010528.0    
         215   7.21302272E+09   1.12767040E+09   594497024.       525513760.       596728384.       385435872.       222667936.       322226144.       182029808.       27872440.0       123515304.       242385600.       45926068.0       85097888.0    
         216   7.18833766E+09   1.12362406E+09   592321792.       523855360.       594398208.       383938368.       221985776.       320995072.       181504912.       28063710.0       123501784.       241702032.       46088160.0       85171672.0    
         217   7.16394035E+09   1.11962611E+09   590139456.       522219104.       592009600.       382432576.       221307232.       319910976.       180957152.       28257660.0       123480240.       240971376.       46257848.0       85253120.0    
         218   7.13915085E+09   1.11575322E+09   588018560.       520555456.       589753984.       380923168.       220614176.       318674816.       180432992.       28445456.0       123469648.       240230416.       46418272.0       85306384.0    
         219   7.11435725E+09   1.11170829E+09   585975552.       518920896.       587460800.       379361088.       219899312.       317500992.       179886144.       28639118.0       123412808.       239483376.       46562016.0       85361784.0    
         220   7.09007309E+09   1.10765440E+09   583962752.       517302208.       585320320.       377798112.       219165344.       316301408.       179315072.       28821276.0       123366176.       238673728.       46716780.0       85399808.0    
         221   7.06535219E+09   1.10358682E+09   582102016.       515706208.       583350656.       376248000.       218410752.       315000160.       178750144.       29007776.0       123301768.       237852864.       46864896.0       85437040.0    
         222   7.04054630E+09   1.09948224E+09   580327744.       514186432.       581399616.       374677952.       217632928.       313769152.       178173600.       29188374.0       123236824.       237018416.       47017572.0       85476440.0    
         223   7.01588531E+09   1.09538074E+09   578386240.       512752384.       579328256.       373098432.       216872432.       312507200.       177594592.       29372220.0       123182096.       236200080.       47165564.0       85514944.0    
         224   6.99111475E+09   1.09127552E+09   576406016.       511449824.       577175808.       371533760.       216126736.       311280896.       177033696.       29556336.0       123130504.       235390192.       47319308.0       85560528.0    
         225   6.96607590E+09   1.08719859E+09   574412608.       509672608.       575027904.       370004512.       215441296.       310108224.       176506752.       29744560.0       123095864.       234635456.       47471944.0       85617408.0    
         226   6.94087629E+09   1.08315366E+09   572417856.       507710240.       572878080.       368464864.       214746880.       308917184.       175982224.       29939310.0       123068680.       233880480.       47630544.0       85676552.0    
         227   6.91552819E+09   1.07906483E+09   570386368.       505730368.       570687168.       366929024.       214055600.       307707648.       175459616.       30133002.0       123037344.       233120352.       47784972.0       85738552.0    
         228   6.88995277E+09   1.07497485E+09   568334592.       503728768.       568488448.       365394112.       213355024.       306542240.       174919648.       30326362.0       122991416.       232353008.       47941260.0       85793888.0    
         229   6.86417869E+09   1.07085626E+09   566270464.       501717536.       566268544.       363836416.       212639312.       305325376.       174384288.       30514856.0       122956632.       231573536.       48096888.0       85853392.0    
         230   6.83813786E+09   1.06672198E+09   564178624.       499683616.       564036992.       362254080.       211926896.       304080256.       173838992.       30709026.0       122921352.       230788064.       48248904.0       85899520.0    
         231   6.81185587E+09   1.06258509E+09   562065792.       497623360.       561770752.       360646976.       211185472.       302867872.       173291328.       30901312.0       122873112.       229993200.       48399484.0       85943656.0    
         232   6.78523802E+09   1.05844294E+09   559921024.       495542944.       559488192.       359037888.       210434032.       301584000.       172747120.       31099796.0       122809584.       229182256.       48550476.0       85989200.0    
         233   6.75837594E+09   1.05427885E+09   557733760.       493422656.       557170240.       357405056.       209674448.       300303712.       172185280.       31292808.0       122766752.       228368128.       48707852.0       86039344.0    
         234   6.73118669E+09   1.05012506E+09   555518720.       491270176.       554807872.       355744448.       208895936.       299009696.       171629760.       31490432.0       122718744.       227544128.       48864076.0       86082728.0    
         235   6.70359962E+09   1.04600838E+09   553275136.       489094592.       552425216.       354069696.       208105664.       297670976.       171078464.       31694668.0       122680856.       226711072.       49025560.0       86136664.0    
         236   6.67552000E+09   1.04172608E+09   551023232.       486911936.       550044544.       352402848.       207333088.       296516224.       170533568.       31902520.0       122669176.       225906096.       49193636.0       86199216.0    
         237   6.64659098E+09   1.03676742E+09   548734656.       484688320.       547634816.       350711840.       206528496.       295554080.       170003232.       32107314.0       122664184.       225093040.       49368128.0       86261152.0    
         238   6.61708186E+09   1.03171846E+09   546396608.       482419232.       545185024.       348983872.       205702352.       294518624.       169475552.       32315926.0       122660216.       224301728.       49537300.0       86328168.0    
         239   6.58703514E+09   1.02656390E+09   544021248.       480113888.       542700288.       347245664.       204870320.       293375136.       168919328.       32528098.0       122666680.       223476064.       49712468.0       86401984.0    
         240   6.55628493E+09   1.02129376E+09   541599616.       477760064.       540172928.       345484096.       204007456.       292237120.       168373488.       32735976.0       122670776.       222647696.       49893132.0       86486800.0    
         241   6.52489216E+09   1.01590682E+09   539113600.       475344160.       537620096.       343655808.       203125824.       291068320.       167826288.       32945842.0       122657824.       221819664.       50078536.0       86575080.0    
         242   6.49276877E+09   1.01037997E+09   536589632.       472878976.       535028512.       341801920.       202224288.       289861280.       167256256.       33168646.0       122654872.       220980544.       50273364.0       86666624.0    
         243   6.45977958E+09   1.00470893E+09   534009632.       470357952.       532416192.       339929824.       201310688.       288622720.       166689728.       33402016.0       122648256.       220123760.       50463904.0       86746632.0    
         244   6.42616781E+09   998917056.       531367200.       467779744.       529768000.       338015456.       200383520.       287364416.       166128800.       33630784.0       122651776.       219273968.       50688988.0       86845328.0    
         245   6.39150438E+09   993051648.       528592096.       465173600.       526864864.       336051744.       199468816.       286116832.       165593776.       33870400.0       122675000.       218450240.       50912508.0       86957440.0    
         246   6.35572429E+09   987061248.       525345568.       462504000.       523561664.       334139744.       198531104.       284843520.       165083200.       34123436.0       122719984.       217632224.       51134700.0       87080496.0    
         247   6.31903232E+09   980903104.       521981696.       459769440.       520181440.       332091424.       197591824.       283528064.       164535744.       34373236.0       122753264.       216786752.       51365916.0       87215808.0    
         248   6.28125952E+09   974568064.       518521792.       456955264.       516712064.       330066848.       196586704.       282150464.       163975184.       34639344.0       122783824.       215912864.       51589176.0       87331312.0    
         249   6.24229478E+09   968050304.       514955424.       454061952.       513138912.       327910336.       195546064.       280774496.       163395360.       34913452.0       122803104.       215036192.       51835448.0       87460384.0    
         250   6.20210176E+09   961329472.       511277984.       451069024.       509459040.       325751264.       194468368.       279351424.       162804928.       35185300.0       122829944.       214138672.       52073520.0       87586768.0    
         251   6.16067635E+09   954390080.       507477600.       448000128.       505676992.       323490656.       193368592.       277874432.       162195328.       35465772.0       122856152.       213214752.       52327636.0       87713448.0    
         252   6.11804621E+09   947239552.       503543328.       444815392.       501767200.       321209504.       192226848.       276355168.       161575312.       35746112.0       122893864.       212257200.       52573512.0       87858072.0    
         253   6.07400499E+09   939836928.       499481152.       441545248.       497734304.       318803776.       191058992.       274809568.       160949760.       36054636.0       122929304.       211284240.       52850440.0       88017568.0    
         254   6.02851277E+09   932194432.       495291424.       438176192.       493582720.       316382656.       189842640.       273207552.       160289648.       36385532.0       122946840.       210278816.       53136084.0       88174568.0    
         255   5.98156288E+09   924307008.       490957888.       434688192.       489296416.       313818816.       188596912.       271564992.       159644320.       36708816.0       122995856.       209248096.       53415276.0       88319896.0    
         256   5.93305088E+09   916149632.       486476832.       431087008.       484877536.       311251680.       187316928.       269888000.       158978448.       37033160.0       123011896.       208197600.       53696168.0       88462568.0    
         257   5.88295578E+09   907714048.       481844000.       427383264.       480314240.       308560864.       185968112.       268178960.       158267840.       37376160.0       123041120.       207126448.       54004216.0       88610808.0    
         258   5.83123046E+09   899010816.       477034112.       423540896.       475594816.       305810560.       184593008.       266540880.       157572176.       37710144.0       123070704.       206055712.       54321972.0       88755360.0    
         259   5.77782528E+09   889986880.       472089408.       419561216.       470726368.       302993920.       183201424.       264726704.       156800768.       38089224.0       123112360.       204925392.       54637380.0       88934320.0    
         260   5.72260301E+09   880674944.       466981696.       415508352.       465723840.       300162944.       181743776.       262646000.       156060384.       38479324.0       123142424.       203764656.       54977216.0       89110376.0    
         261   5.66582733E+09   871009600.       461677728.       411276128.       460517952.       297831616.       180229712.       260410512.       155314672.       38879788.0       123175616.       202560112.       55321360.0       89258512.0    
         262   5.60725402E+09   861041344.       456196256.       406919232.       455144960.       295351584.       178678592.       258075312.       154465424.       39257544.0       123218024.       201322800.       55684272.0       89446752.0    
         263   5.54679296E+09   850732672.       450571360.       402452864.       449625792.       292739168.       177110320.       255622208.       153622912.       39683816.0       123238192.       200020688.       56086108.0       89631744.0    
         264   5.48442982E+09   840078272.       444755296.       397836800.       443939328.       290025184.       175526464.       253096896.       152783104.       40148644.0       123289048.       198688288.       56474180.0       89825128.0    
         265   5.42020710E+09   829104768.       438766304.       393081568.       438099872.       287250976.       173894384.       250500496.       151883648.       40564844.0       123323880.       197335024.       56871032.0       90011872.0    
         266   5.35404954E+09   817762560.       432573216.       388218464.       432078656.       284401280.       172218272.       247823504.       151016896.       41019136.0       123378536.       195951824.       57302972.0       90213368.0    
         267   5.28596480E+09   806056768.       426222208.       383198112.       425885632.       281488544.       170508896.       245077280.       150081440.       41525580.0       123442568.       194531072.       57722780.0       90463392.0    
         268   5.21592986E+09   793993344.       419671936.       378016576.       419532896.       278489536.       168749360.       242278944.       149227728.       42012832.0       123518176.       193122368.       58123752.0       90686640.0    
         269   5.14396160E+09   781562496.       412967328.       372740032.       413024128.       275463168.       166913552.       239392128.       148333712.       42502512.0       123570568.       191655904.       58559248.0       90933320.0    
         270   5.06998630E+09   768738752.       406065504.       367324096.       406318880.       272371680.       165077968.       236446336.       147459008.       43007344.0       123656656.       190199168.       59039184.0       91186080.0    
         271   4.99406029E+09   755539648.       399024672.       361725248.       399467584.       269246976.       163154592.       233433728.       146531200.       43602916.0       123741712.       188689440.       59482332.0       91461472.0    
         272   4.91626701E+09   742012416.       391757088.       356024128.       392446784.       266103440.       161147072.       230377136.       145592736.       44148224.0       123824488.       187192720.       59898972.0       91753656.0    
         273   4.83666022E+09   728295040.       384221824.       350091104.       385254976.       262483936.       159081488.       227162560.       144700752.       44660764.0       123858216.       185616352.       60380320.0       91963192.0    
         274   4.75945626E+09   714205824.       376356384.       343907648.       377781440.       258510368.       156998576.       223744384.       143715568.       45168368.0       123856744.       183899600.       60791256.0       92121400.0    
         275   4.67860685E+09   699796544.       368422464.       337599296.       370234720.       254478176.       154816992.       220422288.       142719136.       45693912.0       123864360.       182262736.       61237600.0       92355480.0    
         276   4.59574067E+09   684922944.       360306144.       331233120.       362556096.       250318480.       152629424.       217056416.       141834592.       46321448.0       123878928.       180666592.       61685768.0       92597296.0    
         277   4.51119411E+09   669705152.       352164512.       324734976.       354747392.       246064320.       150376960.       213644192.       140829072.       46911656.0       123847920.       179024656.       62163488.0       92785720.0    
         278   4.42520064E+09   654094784.       343815552.       318171168.       346773056.       241771920.       148258256.       210126800.       139820896.       47544064.0       123810928.       177317344.       62706824.0       92950800.0    
         279   4.33792307E+09   638312256.       335289600.       311334592.       338604352.       237420032.       146167536.       206678736.       138728160.       48159948.0       123750400.       175663984.       63204232.0       93234000.0    
         280   4.24876314E+09   622076800.       326753856.       304582336.       330393728.       232992336.       144132096.       203278896.       137722688.       48925076.0       123674976.       174046000.       63778620.0       93497424.0    
         281   4.15652710E+09   605743296.       318421024.       297779168.       322113216.       228497888.       142218048.       199857056.       136636224.       49752648.0       123653128.       172395952.       64429440.0       93742008.0    
         282   4.06381184E+09   589745408.       310251680.       292421024.       313651648.       223776528.       140184336.       196355664.       135364544.       50558876.0       123447016.       170640336.       65047788.0       93914368.0    
         283   3.96940877E+09   573005888.       302414240.       287067424.       305157344.       218971376.       138137232.       192778384.       134160920.       51394552.0       123310680.       168748960.       65673764.0       94209184.0    
         284   3.87354010E+09   555063872.       295515488.       281450560.       297879264.       214003632.       135921840.       189040416.       132827752.       52300636.0       123051816.       166732736.       66210912.0       94239384.0    
         285   3.77627776E+09   535786592.       288917248.       275827936.       291505984.       209204272.       133902216.       185330432.       131551280.       53182836.0       122841624.       164880224.       66887596.0       94323608.0    
         286   3.67747558E+09   515360064.       282055712.       270158656.       284796960.       204336112.       131786672.       181782608.       130333864.       54166164.0       122705400.       163164672.       67486752.0       94544856.0    
         287   3.57767706E+09   494489952.       274919872.       264147888.       278004608.       199520064.       129795544.       178379440.       129260968.       55224464.0       122532216.       161642288.       68273888.0       94758216.0    
         288   3.47697664E+09   473463776.       267098128.       257066672.       271191008.       195083440.       127945960.       175117632.       128229560.       56384872.0       122564720.       160403888.       69175576.0       95227536.0    
         289   3.37529446E+09   452208416.       258502992.       250027024.       263277728.       190762352.       126216640.       172206784.       127338280.       57608836.0       122640600.       159454736.       70190464.0       95850232.0    
         290   3.27310336E+09   430645024.       249935344.       242983840.       254939984.       186346704.       124425592.       169469488.       126559752.       58797180.0       122734624.       158744400.       71270200.0       96507544.0    
         291   3.17070899E+09   408816416.       241362976.       236051408.       246585936.       182039840.       122711408.       166707568.       125637672.       60060268.0       122758032.       157994832.       72372472.0       97218112.0    
         292   3.06816410E+09   386657824.       232939024.       228901280.       238327344.       177763392.       121002784.       164238688.       124777832.       61315788.0       122816440.       157320672.       73679736.0       97978400.0    
         293   2.96604774E+09   364714496.       224499088.       221863664.       230074976.       173353712.       119442192.       161704352.       123920152.       62656780.0       122709816.       156505680.       75073408.0       98735384.0    
         294   2.86435610E+09   342553504.       216383776.       214868320.       222133168.       169154112.       117877600.       159406400.       123046600.       63920760.0       122447600.       155839744.       76531600.0       99378408.0    
         295   2.76345984E+09   320996256.       208111152.       207887264.       213963840.       164967904.       116390000.       157321456.       122212744.       65318016.0       122414576.       155392000.       78137928.0       100396192.    
         296   2.66307635E+09   299891936.       200051312.       200848960.       206148416.       161043024.       115111768.       155414496.       121413824.       66896772.0       122247728.       155041504.       79717704.0       101509384.    
         297   2.56235264E+09   279391808.       192306752.       194141776.       198578096.       157201248.       114230816.       153766144.       120675960.       68521160.0       121936952.       154959024.       81203528.0       102465536.    
         298   2.46047130E+09   257948096.       184958672.       187458704.       191261744.       153465616.       113193560.       152330592.       120161328.       70229472.0       121864280.       155113488.       82863224.0       103873216.    
         299   2.35751603E+09   237269632.       177746144.       180697280.       184116224.       149799808.       111804680.       151366224.       119687408.       72184848.0       121809984.       155543568.       84627848.0       105597624.    
         300   2.25698074E+09   217208224.       170418704.       174532512.       177118256.       146316736.       110683296.       150366736.       119828832.       73922360.0       122032120.       156145632.       86506736.0       107473272.    
