   1.83454148E-07   8.21874551E-08   1.83454148E-07   8.21874551E-08
   1.83455541E-07   8.21878672E-08   1.83455541E-07   8.21878672E-08
   1.83455541E-07   8.21878672E-08   1.83455541E-07   8.21878672E-08
   1.83455541E-07   8.21878672E-08   1.83455541E-07   8.21878672E-08
   1.83455541E-07   8.21878672E-08   1.83455541E-07   8.21878672E-08
   1.83455541E-07   8.21878672E-08   1.83455541E-07   8.21878672E-08
   1.83455541E-07   8.21878672E-08   1.83455541E-07   8.21878672E-08
   1.83455541E-07   8.21878672E-08   1.83455541E-07   8.21878672E-08
   1.83455541E-07   8.21878672E-08   1.83455541E-07   8.21878672E-08
   1.83455541E-07   8.21878672E-08   1.83455541E-07   8.21878672E-08
   1.83455541E-07   8.21878672E-08   1.83455541E-07   8.21878672E-08
   1.83455541E-07   8.21878672E-08   1.83455541E-07   8.21878672E-08
   1.83455541E-07   8.21878672E-08   1.83455541E-07   8.21878672E-08
   1.83455541E-07   8.21878672E-08   1.83455541E-07   8.21878672E-08
   1.83455541E-07   8.21878672E-08   1.83455541E-07   8.21878672E-08
   1.83455541E-07   8.21878672E-08   1.83455541E-07   8.21878672E-08
   1.83455541E-07   8.21878672E-08   1.83455541E-07   8.21878672E-08
   1.83455541E-07   8.21878672E-08   1.83455541E-07   8.21878672E-08
   1.83455541E-07   8.21878672E-08   1.83455541E-07   8.21878672E-08
   1.83455541E-07   8.21878672E-08   1.83455541E-07   8.21878672E-08
   1.83455541E-07   8.21878672E-08   1.83455541E-07   8.21878672E-08
   1.83455541E-07   8.21878672E-08   1.83455541E-07   8.21878672E-08
   1.83455541E-07   8.21878672E-08   1.83455541E-07   8.21878672E-08
   1.83455541E-07   8.21878672E-08   1.83455541E-07   8.21878672E-08
   1.83455541E-07   8.21878672E-08   1.83455541E-07   8.21878672E-08
   1.83455541E-07   8.21878672E-08   1.83455541E-07   8.21878672E-08
   1.83455541E-07   8.21878672E-08   1.83455541E-07   8.21878672E-08
   1.83455541E-07   8.21878672E-08   1.83455541E-07   8.21878672E-08
   1.83455541E-07   8.21878672E-08   1.83455541E-07   8.21878672E-08
   1.83455541E-07   8.21878672E-08   1.83455541E-07   8.21878672E-08
   1.83455541E-07   8.21878672E-08   1.83455541E-07   8.21878672E-08
   1.83455541E-07   8.21878672E-08   1.83455541E-07   8.21878672E-08
   1.83455541E-07   8.21878672E-08   1.83455541E-07   8.21878672E-08
   1.83455541E-07   8.21878672E-08   1.83455541E-07   8.21878672E-08
   1.83455541E-07   8.21878672E-08   1.83455541E-07   8.21878672E-08
   1.83455541E-07   8.21878672E-08   1.83455541E-07   8.21878672E-08
   1.83455541E-07   8.21878672E-08   1.83455541E-07   8.21878672E-08
   1.83455541E-07   8.21878672E-08   1.83455541E-07   8.21878672E-08
   1.83455541E-07   8.21878672E-08   1.83455541E-07   8.21878672E-08
   1.83455541E-07   8.21878672E-08   1.83455541E-07   8.21878672E-08
   1.83455541E-07   8.21878672E-08   1.83455541E-07   8.21878672E-08
   1.83455541E-07   8.21878672E-08   1.83455541E-07   8.21878672E-08
   1.83455541E-07   8.21878672E-08   1.83455541E-07   8.21878672E-08
   1.83455541E-07   8.21878672E-08   1.83455541E-07   8.21878672E-08
   1.83455541E-07   8.21878672E-08   1.83455541E-07   8.21878672E-08
   1.83455541E-07   8.21878672E-08   1.83455541E-07   8.21878672E-08
   1.83455541E-07   8.21878672E-08   1.83455541E-07   8.21878672E-08
   1.83455541E-07   8.21878672E-08   1.83455541E-07   8.21878672E-08
   1.83455541E-07   8.21878672E-08   1.83455541E-07   8.21878672E-08
   1.83455541E-07   8.21878672E-08   1.83455541E-07   8.21878672E-08
   1.83455541E-07   8.21878672E-08   1.83455541E-07   8.21878672E-08
   1.83455541E-07   8.21878672E-08   1.83455541E-07   8.21878672E-08
   1.83455541E-07   8.21878672E-08   1.83455541E-07   8.21878672E-08
   1.83455541E-07   8.21878672E-08   1.83455541E-07   8.21878672E-08
   1.83455541E-07   8.21878672E-08   1.83455541E-07   8.21878672E-08
   1.83455541E-07   8.21878672E-08   1.83455541E-07   8.21878672E-08
   1.83455541E-07   8.21878672E-08   1.83455541E-07   8.21878672E-08
   1.83455541E-07   8.21878672E-08   1.83455541E-07   8.21878672E-08
   1.83455541E-07   8.21878672E-08   1.83455541E-07   8.21878672E-08
   1.83455541E-07   8.21878672E-08   1.83455541E-07   8.21878672E-08
   1.83455541E-07   8.21878672E-08   1.83455541E-07   8.21878672E-08
   1.83455541E-07   8.21878672E-08   1.83455541E-07   8.21878672E-08
   1.83455541E-07   8.21878672E-08   1.83455541E-07   8.21878672E-08
   1.83455541E-07   8.21878672E-08   1.83455541E-07   8.21878672E-08
   1.83455541E-07   8.21878672E-08   1.83455541E-07   8.21878672E-08
   1.83455541E-07   8.21878672E-08   1.83455541E-07   8.21878672E-08
   1.83455541E-07   8.21878672E-08   1.83455541E-07   8.21878672E-08
   1.83455541E-07   8.21878672E-08   1.83455541E-07   8.21878672E-08
   1.83455541E-07   8.21878672E-08   1.83455541E-07   8.21878672E-08
   1.83455541E-07   8.21878672E-08   1.83455541E-07   8.21878672E-08
   1.83455541E-07   8.21878672E-08   1.83455541E-07   8.21878672E-08
   1.83455541E-07   8.21878672E-08   1.83455541E-07   8.21878672E-08
   1.83455541E-07   8.21878672E-08   1.83455541E-07   8.21878672E-08
   1.83455541E-07   8.21878672E-08   1.83455541E-07   8.21878672E-08
   1.83455541E-07   8.21878672E-08   1.83455541E-07   8.21878672E-08
   1.83455541E-07   8.21878672E-08   1.83455541E-07   8.21878672E-08
   1.83455541E-07   8.21878672E-08   1.83455541E-07   8.21878672E-08
   1.83455541E-07   8.21878672E-08   1.83455541E-07   8.21878672E-08
   1.83455541E-07   8.21878672E-08   1.83455541E-07   8.21878672E-08
   1.83455541E-07   8.21878672E-08   1.83455541E-07   8.21878672E-08
   1.83455541E-07   8.21878672E-08   1.83455541E-07   8.21878672E-08
   1.83455541E-07   8.21878672E-08   1.83455541E-07   8.21878672E-08
   1.83455541E-07   8.21878672E-08   1.83455541E-07   8.21878672E-08
   1.83453764E-07   8.21869790E-08   1.83453764E-07   8.21869790E-08
   1.83451988E-07   8.21860908E-08   1.83451988E-07   8.21860908E-08
   1.83450211E-07   8.21852026E-08   1.83450211E-07   8.21852026E-08
   1.83446659E-07   8.21843145E-08   1.83446659E-07   8.21843145E-08
   1.83443106E-07   8.21825381E-08   1.83443106E-07   8.21825381E-08
   1.83437777E-07   8.21798736E-08   1.83437777E-07   8.21798736E-08
   1.83430672E-07   8.21763209E-08   1.83430672E-07   8.21763209E-08
   1.83418237E-07   8.21709918E-08   1.83418237E-07   8.21718800E-08
   1.83400473E-07   8.21629982E-08   1.83400473E-07   8.21647745E-08
   1.83373828E-07   8.21514519E-08   1.83373828E-07   8.21541164E-08
   1.83332972E-07   8.21336883E-08   1.83332972E-07   8.21372410E-08
   1.83269023E-07   8.21070429E-08   1.83269023E-07   8.21123720E-08
   1.83173100E-07   8.20679631E-08   1.83171338E-07   8.20750685E-08
   1.83029215E-07   8.20120150E-08   1.83025676E-07   8.20208896E-08
   1.82821395E-07   8.19356316E-08   1.82817843E-07   8.19454016E-08
   1.82542507E-07   8.18379320E-08   1.82537178E-07   8.18477019E-08
   1.82197894E-07   8.17224688E-08   1.82190789E-07   8.17304624E-08
   1.81803543E-07   8.15945711E-08   1.81794661E-07   8.15990120E-08
   1.81375441E-07   8.14577916E-08   1.81363006E-07   8.14577916E-08
   1.80920694E-07   8.13139067E-08   1.80904706E-07   8.13087055E-08
   1.80441901E-07   8.11638046E-08   1.80423157E-07   8.11524075E-08
   1.79939505E-07   8.10074852E-08   1.79917791E-07   8.09893521E-08
   1.79413590E-07   8.08449485E-08   1.79388508E-07   8.08186584E-08
   1.78864525E-07   8.06751927E-08   1.78834426E-07   8.06408593E-08
   1.78291842E-07   8.04982818E-08   1.78256968E-07   8.04550666E-08
   1.77694247E-07   8.03142512E-08   1.77654385E-07   8.02621045E-08
   1.77073630E-07   8.01229447E-08   1.77026465E-07   8.00611630E-08
   1.76429140E-07   7.99241846E-08   1.76375011E-07   7.98520858E-08
   1.75760732E-07   7.97183759E-08   1.75698773E-07   7.96354129E-08
   1.75068166E-07   7.95052628E-08   1.74997638E-07   7.94105048E-08
   1.74352053E-07   7.92851012E-08   1.74272998E-07   7.91780366E-08
   1.73612165E-07   7.90577062E-08   1.73524526E-07   7.89373189E-08
   1.72848999E-07   7.88230921E-08   1.72752365E-07   7.86893537E-08
   1.72062983E-07   7.85812659E-08   1.71957097E-07   7.84337573E-08
   1.71254726E-07   7.83326612E-08   1.71138893E-07   7.81705438E-08
   1.70424300E-07   7.80769440E-08   1.70298492E-07   7.79000970E-08
   1.69572928E-07   7.78148248E-08   1.69436490E-07   7.76225377E-08
   1.68700865E-07   7.75460904E-08   1.68553839E-07   7.73378375E-08
   1.67808793E-07   7.72709114E-08   1.67650882E-07   7.70466428E-08
   1.66898175E-07   7.69894939E-08   1.66728924E-07   7.67489254E-08
   1.65969411E-07   7.67026052E-08   1.65788805E-07   7.64448842E-08
   1.65024119E-07   7.64100605E-08   1.64831448E-07   7.61350734E-08
   1.64063195E-07   7.61125207E-08   1.63858616E-07   7.58199405E-08
   1.63088217E-07   7.58107177E-08   1.62871743E-07   7.55002105E-08
   1.62101244E-07   7.55049996E-08   1.61872308E-07   7.51762954E-08
   1.61104623E-07   7.51969864E-08   1.60862783E-07   7.48497584E-08
   1.60100697E-07   7.48870264E-08   1.59846479E-07   7.45209405E-08
   1.59093688E-07   7.45771302E-08   1.58826381E-07   7.41921511E-08
   1.58087659E-07   7.42691668E-08   1.57807435E-07   7.38650385E-08
   1.57088252E-07   7.39654666E-08   1.56795011E-07   7.35419405E-08
   1.56102686E-07   7.36697459E-08   1.55796116E-07   7.32265093E-08
   1.55140100E-07   7.33864312E-08   1.54820128E-07   7.29229939E-08
   1.54212628E-07   7.31210434E-08   1.53879014E-07   7.26371425E-08
   1.53335378E-07   7.28809937E-08   1.52987880E-07   7.23762099E-08
   1.52527988E-07   7.26760874E-08   1.52166280E-07   7.21498097E-08
   1.51815499E-07   7.25186169E-08   1.51439195E-07   7.19702200E-08
   1.51229983E-07   7.24245481E-08   1.50838360E-07   7.18531226E-08
   1.50811971E-07   7.24144016E-08   1.50404389E-07   7.18187820E-08
   1.50613360E-07   7.25143039E-08   1.50188853E-07   7.18928916E-08
   1.50699421E-07   7.27574374E-08   1.50256739E-07   7.21081648E-08
   1.51152747E-07   7.31858876E-08   1.50690212E-07   7.25060758E-08
   1.52076993E-07   7.38529593E-08   1.51592275E-07   7.31390486E-08
   1.53602144E-07   7.48255289E-08   1.53092003E-07   7.40726875E-08
   1.55890319E-07   7.61875256E-08   1.55350889E-07   7.53896572E-08
   1.59143283E-07   7.80438896E-08   1.58569478E-07   7.71928157E-08
   1.63611475E-07   8.05252611E-08   1.62996329E-07   7.96104729E-08
   1.69604562E-07   8.37940419E-08   1.68939479E-07   8.28018116E-08
   1.77504461E-07   8.80510598E-08   1.76778130E-07   8.69638299E-08
   1.87780799E-07   9.35445357E-08   1.86978781E-07   9.23396044E-08
   2.01009556E-07   1.00579825E-07   2.00113448E-07   9.92283091E-08
   2.17895362E-07   1.09532031E-07   2.16881617E-07   1.07997060E-07
   2.39297520E-07   1.20860619E-07   2.38136693E-07   1.19095411E-07
   2.66262788E-07   1.35126953E-07   2.64917247E-07   1.33072319E-07
   3.00061231E-07   1.53015506E-07   2.98484196E-07   1.50596620E-07
   3.42232454E-07   1.75358537E-07   3.40364380E-07   1.72481478E-07
   3.94637254E-07   2.03165968E-07   3.92404274E-07   1.99712872E-07
   4.59520550E-07   2.37660927E-07   4.56831486E-07   2.33484556E-07
   5.39585358E-07   2.80321132E-07   5.36324876E-07   2.75238165E-07
   6.38078234E-07   3.32929176E-07   6.34105049E-07   3.26711671E-07
   7.58893236E-07   3.97629833E-07   7.54031362E-07   3.89994909E-07
   9.06688570E-07   4.76999105E-07   9.00722227E-07   4.67598028E-07
   1.08702693E-06   5.74126318E-07   1.07969117E-06   5.62526793E-07
   1.30654269E-06   6.92704987E-07   1.29751083E-06   6.78378512E-07
   1.57312309E-06   8.37148434E-07   1.56199962E-06   8.19442391E-07
   1.89613957E-06   1.01271496E-06   1.88243928E-06   9.90832746E-07
   2.28669819E-06   1.22565905E-06   2.26982729E-06   1.19862625E-06
   2.75793218E-06   1.48340769E-06   2.73717205E-06   1.45003776E-06
   3.32535342E-06   1.79476046E-06   3.29982981E-06   1.75361095E-06
   4.00724184E-06   2.17012644E-06   3.97589747E-06   2.11944189E-06
   4.82508085E-06   2.62178673E-06   4.78665334E-06   2.55945042E-06
   5.80412143E-06   3.16422052E-06   5.75706508E-06   3.08766630E-06
   6.97392443E-06   3.81444966E-06   6.91640344E-06   3.72058662E-06
   8.36906020E-06   4.59245075E-06   8.29886721E-06   4.47755838E-06
   1.00298967E-05   5.52160964E-06   9.94437596E-06   5.38123049E-06
   1.20034101E-05   6.62928824E-06   1.18994221E-05   6.45807086E-06
   1.43442639E-05   7.94740572E-06   1.42180552E-05   7.73895044E-06
   1.71158717E-05   9.51311267E-06   1.69629748E-05   9.25979020E-06
   2.03916770E-05   1.13695842E-05   2.02067840E-05   1.10623241E-05
   2.42564929E-05   1.35669152E-05   2.40333175E-05   1.31949373E-05
   2.88082028E-05   1.61630760E-05   2.85393344E-05   1.57135837E-05
   3.41594714E-05   1.92250427E-05   3.38361351E-05   1.86828947E-05
   4.04396487E-05   2.28299941E-05   4.00516437E-05   2.21773207E-05
   4.77971334E-05   2.70667751E-05   4.73323271E-05   2.62825051E-05
   5.64016555E-05   3.20373110E-05   5.58458887E-05   3.10967116E-05
   6.64469771E-05   3.78584664E-05   6.57837227E-05   3.67324719E-05
   7.81539056E-05   4.46638078E-05   7.73638021E-05   4.33184250E-05
   9.17735742E-05   5.26057374E-05   9.08340298E-05   5.10012469E-05
   1.07590778E-04   6.18579143E-05   1.06475731E-04   5.99478626E-05
   1.25928069E-04   7.26175786E-05   1.24607177E-04   7.03479964E-05
   1.47149884E-04   8.51082368E-05   1.45587968E-04   8.24164235E-05
   1.71667270E-04   9.95830051E-05   1.69823950E-04   9.63963466E-05
   1.99942559E-04   1.16327603E-04   1.97771064E-04   1.12562120E-04
   2.32494975E-04   1.35663868E-04   2.29941346E-04   1.31222463E-04
   2.69906275E-04   1.57953575E-04   2.66908755E-04   1.52724620E-04
   3.12826771E-04   1.83603028E-04   3.09314899E-04   1.77457914E-04
   3.61982180E-04   2.13066363E-04   3.57874902E-04   2.05857839E-04
   4.18180105E-04   2.46851268E-04   4.13385249E-04   2.38410474E-04
   4.82317788E-04   2.85523565E-04   4.76729823E-04   2.75657512E-04
   5.55389212E-04   3.29711766E-04   5.48889104E-04   3.18200735E-04
   6.38493802E-04   3.80113837E-04   6.30946422E-04   3.66708351E-04
   7.32844928E-04   4.37502429E-04   7.24097423E-04   4.21918288E-04
   8.39778688E-04   5.02730487E-04   8.29658180E-04   4.84645978E-04
   9.60761914E-04   5.76737570E-04   9.49072943E-04   5.55789622E-04
   1.09740335E-03   6.60557824E-04   1.08392630E-03   6.36335870E-04
   1.25146029E-03   7.55324378E-04   1.23594841E-03   7.27366365E-04
   1.42485055E-03   8.62276996E-04   1.40702853E-03   8.30064644E-04
   1.61966402E-03   9.82769299E-04   1.59922254E-03   9.45720181E-04
   1.83816568E-03   1.11827452E-03   1.81476341E-03   1.07573776E-03
   2.08281097E-03   1.27039396E-03   2.05606618E-03   1.22164388E-03
   2.35626008E-03   1.44086289E-03   2.32574716E-03   1.38508936E-03
   2.66137253E-03   1.63155515E-03   2.62661884E-03   1.56786037E-03
   3.00122867E-03   1.84449321E-03   2.96171266E-03   1.77187775E-03
   3.37913260E-03   2.08185147E-03   3.33428057E-03   1.99921150E-03
   3.79861845E-03   2.34595709E-03   3.74780572E-03   2.25207536E-03
   4.26347181E-03   2.63930834E-03   4.20599803E-03   2.53283954E-03
   4.77771554E-03   2.96456367E-03   4.71281726E-03   2.84403097E-03
   5.34562068E-03   3.32455104E-03   5.27245924E-03   3.18833860E-03
   5.97171998E-03   3.72227910E-03   5.88938734E-03   3.56860925E-03
   6.66080322E-03   4.16092342E-03   6.56830892E-03   3.98785807E-03
   7.41792331E-03   4.64382675E-03   7.31418468E-03   4.44926228E-03
   8.24838877E-03   5.17451856E-03   8.13223608E-03   4.95615881E-03
   9.15777497E-03   5.75668970E-03   9.02792811E-03   5.51205268E-03
   1.01518882E-02   6.39421307E-03   1.00069959E-02   6.12060027E-03
   1.12368139E-02   7.09109521E-03   1.10754101E-02   6.78560976E-03
   1.24188727E-02   7.85151590E-03   1.22393621E-02   7.51103973E-03
   1.37046250E-02   8.67981743E-03   1.35052912E-02   8.30096379E-03
   1.51008163E-02   9.58043989E-03   1.48798600E-02   9.15961619E-03
   1.66144446E-02   1.05579626E-02   1.63698979E-02   1.00913337E-02
   1.82526633E-02   1.16170635E-02   1.79824438E-02   1.11005167E-02
   2.00228076E-02   1.27625242E-02   1.97247043E-02   1.21916933E-02
   2.19323654E-02   1.39991911E-02   2.16040611E-02   1.33694392E-02
   2.39889268E-02   1.53319454E-02   2.36279462E-02   1.46383718E-02
   2.62001920E-02   1.67657081E-02   2.58039460E-02   1.60031375E-02
   2.85739154E-02   1.83053557E-02   2.81396713E-02   1.74683928E-02
   3.11179236E-02   1.99557934E-02   3.06427684E-02   1.90387163E-02
   3.38399932E-02   2.17218716E-02   3.33208814E-02   2.07186937E-02
   3.67478319E-02   2.36082822E-02   3.61816101E-02   2.25127861E-02
   3.98490429E-02   2.56196447E-02   3.92324701E-02   2.44253110E-02
   4.31511886E-02   2.77603753E-02   4.24807854E-02   2.64605097E-02
   4.66615334E-02   3.00347041E-02   4.59337831E-02   2.86223702E-02
   5.03871292E-02   3.24466117E-02   4.95983772E-02   3.09146121E-02
   5.43346964E-02   3.49997878E-02   5.34812137E-02   3.33408266E-02
   5.85106574E-02   3.76976542E-02   5.75885698E-02   3.59041393E-02
   6.29210472E-02   4.05431427E-02   6.19263574E-02   3.86074483E-02
   6.75711930E-02   4.35388088E-02   6.64999709E-02   4.14531529E-02
   7.24661276E-02   4.66867946E-02   7.13142306E-02   4.44433838E-02
   7.76100233E-02   4.99886796E-02   7.63732716E-02   4.75796126E-02
   8.30064192E-02   5.34455068E-02   8.16807523E-02   5.08628637E-02
   8.86580497E-02   5.70576787E-02   8.72392431E-02   5.42935617E-02
   9.45667550E-02   6.08250089E-02   9.30506587E-02   5.78715764E-02
  0.100733340       6.47465438E-02   9.91158783E-02   6.15960918E-02
  0.107157759       6.88205287E-02  0.105434820       6.54656142E-02
  0.113838620       7.30445832E-02  0.112006173       6.94778115E-02
  0.120773494       7.74154291E-02  0.118827641       7.36298263E-02
  0.127958417       8.19287151E-02  0.125895455       7.79176652E-02
  0.135388091       8.65796283E-02  0.133204639       8.23366642E-02
  0.143056065       9.13619697E-02  0.140748426       8.68813545E-02
  0.150953934       9.62689370E-02  0.148519009       9.15452689E-02
  0.159071878      0.101292528      0.156506747       9.63210315E-02
  0.167398423      0.106423967      0.164700434      0.101200357    
  0.175920099      0.111653239      0.173086941      0.106174082    
  0.184622079      0.116969481      0.181651801      0.111231983    
  0.193487346      0.122360796      0.190378428      0.116362847    
  0.202497378      0.127814367      0.199248403      0.121554829    
  0.211631685      0.133316189      0.208241805      0.126794815    
  0.220867768      0.138851866      0.217336789      0.132069021    
  0.230181679      0.144405514      0.226509690      0.137362882    
  0.239547625      0.149960831      0.235735357      0.142660782    
  0.248937994      0.155500516      0.244986519      0.147946522    
  0.258323848      0.161006913      0.254235029      0.153203338    
  0.267673939      0.166461185      0.263450384      0.158413708    
  0.276956588      0.171844557      0.272601157      0.163559720    
  0.286139041      0.177137598      0.281654775      0.168622881    
  0.295186669      0.182320416      0.290577948      0.173584491    
  0.304065228      0.187373176      0.299336493      0.178425536    
  0.312739074      0.192275792      0.307895482      0.183127254    
  0.321172267      0.197008446      0.316219509      0.187670186    
  0.329328746      0.201551035      0.324273109      0.192035675    
  0.337173045      0.205884129      0.332020968      0.196204871    
  0.344669223      0.209988698      0.339428306      0.200159729    
  0.351783186      0.213846341      0.346460700      0.203882709    
  0.358480513      0.217439532      0.353084832      0.207356736    
  0.364729494      0.220751375      0.359268993      0.210565656    
  0.370499164      0.223766372      0.364982694      0.213494480    
  0.375760525      0.226469800      0.370197177      0.216128975    
  0.380486131      0.228848517      0.374885231      0.218456268    
  0.384651661      0.230890393      0.379022777      0.220464587    
  0.388234615      0.232585073      0.382587582      0.222143829    
  0.391215563      0.233923540      0.385560215      0.223484948    
  0.393578053      0.234898448      0.387923777      0.224480614    
  0.395308256      0.235504851      0.389665335      0.225124791    
  0.396395028      0.235738859      0.390774041      0.225414082    
  0.396831185      0.235597342      0.391240746      0.225346684    
  0.396614045      0.235081017      0.391063571      0.224920884    
  0.395742267      0.234191403      0.390242040      0.224137977    
  0.394219935      0.232931748      0.388779432      0.223001420    
  0.392053783      0.231307775      0.386681706      0.221515715    
