   1.83454148E-07   8.21874551E-08   1.83454148E-07   8.21874551E-08
   1.83455541E-07   8.21878672E-08   1.83455541E-07   8.21878672E-08
   1.83455541E-07   8.21878672E-08   1.83455541E-07   8.21878672E-08
   1.83455541E-07   8.21878672E-08   1.83455541E-07   8.21878672E-08
   1.83455541E-07   8.21878672E-08   1.83455541E-07   8.21878672E-08
   1.83455541E-07   8.21878672E-08   1.83455541E-07   8.21878672E-08
   1.83455541E-07   8.21878672E-08   1.83455541E-07   8.21878672E-08
   1.83455541E-07   8.21878672E-08   1.83455541E-07   8.21878672E-08
   1.83455541E-07   8.21878672E-08   1.83455541E-07   8.21878672E-08
   1.83455541E-07   8.21878672E-08   1.83455541E-07   8.21878672E-08
   1.83455541E-07   8.21878672E-08   1.83455541E-07   8.21878672E-08
   1.83455541E-07   8.21878672E-08   1.83455541E-07   8.21878672E-08
   1.83455541E-07   8.21878672E-08   1.83455541E-07   8.21878672E-08
   1.83455541E-07   8.21878672E-08   1.83455541E-07   8.21878672E-08
   1.83455541E-07   8.21878672E-08   1.83455541E-07   8.21878672E-08
   1.83455541E-07   8.21878672E-08   1.83455541E-07   8.21878672E-08
   1.83455541E-07   8.21878672E-08   1.83455541E-07   8.21878672E-08
   1.83455541E-07   8.21878672E-08   1.83455541E-07   8.21878672E-08
   1.83455541E-07   8.21878672E-08   1.83455541E-07   8.21878672E-08
   1.83455541E-07   8.21878672E-08   1.83455541E-07   8.21878672E-08
   1.83455541E-07   8.21878672E-08   1.83455541E-07   8.21878672E-08
   1.83455541E-07   8.21878672E-08   1.83455541E-07   8.21878672E-08
   1.83455541E-07   8.21878672E-08   1.83455541E-07   8.21878672E-08
   1.83455541E-07   8.21878672E-08   1.83455541E-07   8.21878672E-08
   1.83455541E-07   8.21878672E-08   1.83455541E-07   8.21878672E-08
   1.83455541E-07   8.21878672E-08   1.83455541E-07   8.21878672E-08
   1.83455541E-07   8.21878672E-08   1.83455541E-07   8.21878672E-08
   1.83455541E-07   8.21878672E-08   1.83455541E-07   8.21878672E-08
   1.83455541E-07   8.21878672E-08   1.83455541E-07   8.21878672E-08
   1.83455541E-07   8.21878672E-08   1.83455541E-07   8.21878672E-08
   1.83455541E-07   8.21878672E-08   1.83455541E-07   8.21878672E-08
   1.83455541E-07   8.21878672E-08   1.83455541E-07   8.21878672E-08
   1.83455541E-07   8.21878672E-08   1.83455541E-07   8.21878672E-08
   1.83455541E-07   8.21878672E-08   1.83455541E-07   8.21878672E-08
   1.83455541E-07   8.21878672E-08   1.83455541E-07   8.21878672E-08
   1.83455541E-07   8.21878672E-08   1.83455541E-07   8.21878672E-08
   1.83455541E-07   8.21878672E-08   1.83455541E-07   8.21878672E-08
   1.83455541E-07   8.21878672E-08   1.83455541E-07   8.21878672E-08
   1.83455541E-07   8.21878672E-08   1.83455541E-07   8.21878672E-08
   1.83455541E-07   8.21878672E-08   1.83455541E-07   8.21878672E-08
   1.83455541E-07   8.21878672E-08   1.83455541E-07   8.21878672E-08
   1.83455541E-07   8.21878672E-08   1.83455541E-07   8.21878672E-08
   1.83455541E-07   8.21878672E-08   1.83455541E-07   8.21878672E-08
   1.83455541E-07   8.21878672E-08   1.83455541E-07   8.21878672E-08
   1.83455541E-07   8.21878672E-08   1.83455541E-07   8.21878672E-08
   1.83455541E-07   8.21878672E-08   1.83455541E-07   8.21878672E-08
   1.83455541E-07   8.21878672E-08   1.83455541E-07   8.21878672E-08
   1.83455541E-07   8.21878672E-08   1.83455541E-07   8.21878672E-08
   1.83455541E-07   8.21878672E-08   1.83455541E-07   8.21878672E-08
   1.83455541E-07   8.21878672E-08   1.83455541E-07   8.21878672E-08
   1.83455541E-07   8.21878672E-08   1.83455541E-07   8.21878672E-08
   1.83455541E-07   8.21878672E-08   1.83455541E-07   8.21878672E-08
   1.83455541E-07   8.21878672E-08   1.83455541E-07   8.21878672E-08
   1.83455541E-07   8.21878672E-08   1.83455541E-07   8.21878672E-08
   1.83455541E-07   8.21878672E-08   1.83455541E-07   8.21878672E-08
   1.83455541E-07   8.21878672E-08   1.83455541E-07   8.21878672E-08
   1.83455541E-07   8.21878672E-08   1.83455541E-07   8.21878672E-08
   1.83455541E-07   8.21878672E-08   1.83455541E-07   8.21878672E-08
   1.83455541E-07   8.21878672E-08   1.83455541E-07   8.21878672E-08
   1.83455541E-07   8.21878672E-08   1.83455541E-07   8.21878672E-08
   1.83455541E-07   8.21878672E-08   1.83455541E-07   8.21878672E-08
   1.83455541E-07   8.21878672E-08   1.83455541E-07   8.21878672E-08
   1.83455541E-07   8.21878672E-08   1.83455541E-07   8.21878672E-08
   1.83455541E-07   8.21878672E-08   1.83455541E-07   8.21878672E-08
   1.83455541E-07   8.21878672E-08   1.83455541E-07   8.21878672E-08
   1.83455541E-07   8.21878672E-08   1.83455541E-07   8.21878672E-08
   1.83455541E-07   8.21878672E-08   1.83455541E-07   8.21878672E-08
   1.83455541E-07   8.21878672E-08   1.83455541E-07   8.21878672E-08
   1.83455541E-07   8.21878672E-08   1.83455541E-07   8.21878672E-08
   1.83455541E-07   8.21878672E-08   1.83455541E-07   8.21878672E-08
   1.83455541E-07   8.21878672E-08   1.83455541E-07   8.21878672E-08
   1.83455541E-07   8.21878672E-08   1.83455541E-07   8.21878672E-08
   1.83455541E-07   8.21878672E-08   1.83455541E-07   8.21878672E-08
   1.83455541E-07   8.21878672E-08   1.83455541E-07   8.21878672E-08
   1.83455541E-07   8.21878672E-08   1.83455541E-07   8.21878672E-08
   1.83455541E-07   8.21878672E-08   1.83455541E-07   8.21878672E-08
   1.83455541E-07   8.21878672E-08   1.83455541E-07   8.21878672E-08
   1.83455541E-07   8.21878672E-08   1.83455541E-07   8.21878672E-08
   1.83455541E-07   8.21878672E-08   1.83455541E-07   8.21878672E-08
   1.83455541E-07   8.21878672E-08   1.83455541E-07   8.21878672E-08
   1.83455541E-07   8.21878672E-08   1.83455541E-07   8.21878672E-08
   1.83455541E-07   8.21878672E-08   1.83455541E-07   8.21878672E-08
   1.83455541E-07   8.21878672E-08   1.83455541E-07   8.21878672E-08
   1.83453764E-07   8.21869790E-08   1.83453764E-07   8.21869790E-08
   1.83451988E-07   8.21860908E-08   1.83451988E-07   8.21860908E-08
   1.83450211E-07   8.21852026E-08   1.83450211E-07   8.21852026E-08
   1.83446659E-07   8.21843145E-08   1.83446659E-07   8.21843145E-08
   1.83443106E-07   8.21825381E-08   1.83443106E-07   8.21825381E-08
   1.83437777E-07   8.21798736E-08   1.83437777E-07   8.21798736E-08
   1.83430672E-07   8.21763209E-08   1.83430672E-07   8.21763209E-08
   1.83418237E-07   8.21709918E-08   1.83418237E-07   8.21718800E-08
   1.83400473E-07   8.21629982E-08   1.83400473E-07   8.21647745E-08
   1.83373828E-07   8.21514519E-08   1.83373828E-07   8.21541164E-08
   1.83332972E-07   8.21336883E-08   1.83332972E-07   8.21372410E-08
   1.83269023E-07   8.21070429E-08   1.83269023E-07   8.21123720E-08
   1.83173100E-07   8.20679631E-08   1.83171323E-07   8.20750685E-08
   1.83029215E-07   8.20120079E-08   1.83025662E-07   8.20208896E-08
   1.82821381E-07   8.19356245E-08   1.82817828E-07   8.19453945E-08
   1.82540717E-07   8.18379249E-08   1.82535388E-07   8.18476948E-08
   1.82192778E-07   8.17218648E-08   1.82186156E-07   8.17304553E-08
   1.81795954E-07   8.15937824E-08   1.81787556E-07   8.15992465E-08
   1.81365692E-07   8.14576069E-08   1.81355603E-07   8.14585235E-08
   1.80911869E-07   8.13159957E-08   1.80898240E-07   8.13113772E-08
   1.80437780E-07   8.11701071E-08   1.80420571E-07   8.11593281E-08
   1.79946852E-07   8.10203886E-08   1.79925024E-07   8.10023977E-08
   1.79441244E-07   8.08682898E-08   1.79415352E-07   8.08428524E-08
   1.78925603E-07   8.07157008E-08   1.78894908E-07   8.06817724E-08
   1.78405472E-07   8.05650018E-08   1.78369845E-07   8.05217368E-08
   1.77888310E-07   8.04193334E-08   1.77846630E-07   8.03661635E-08
   1.77384806E-07   8.02845221E-08   1.77337014E-07   8.02209357E-08
   1.76910802E-07   8.01669131E-08   1.76855877E-07   8.00922066E-08
   1.76485187E-07   8.00756297E-08   1.76422716E-07   7.99889506E-08
   1.76134705E-07   8.00228577E-08   1.76063864E-07   7.99233959E-08
   1.75893334E-07   8.00246269E-08   1.75813767E-07   7.99115938E-08
   1.75806491E-07   8.01018203E-08   1.75717361E-07   7.99744555E-08
   1.75933067E-07   8.02821276E-08   1.75833762E-07   8.01394933E-08
   1.76349360E-07   8.06013034E-08   1.76239041E-07   8.04420424E-08
   1.77153609E-07   8.11053553E-08   1.77031197E-07   8.09282668E-08
   1.78471367E-07   8.18534573E-08   1.78335640E-07   8.16568431E-08
   1.80461939E-07   8.29211686E-08   1.80311474E-07   8.27028472E-08
   1.83327430E-07   8.44043910E-08   1.83160324E-07   8.41614778E-08
   1.87322144E-07   8.64243006E-08   1.87135953E-07   8.61533209E-08
   1.92765484E-07   8.91337351E-08   1.92556669E-07   8.88297293E-08
   2.00055695E-07   9.27239725E-08   1.99820221E-07   9.23806098E-08
   2.09688721E-07   9.74340395E-08   2.09420733E-07   9.70429710E-08
   2.22279098E-07   1.03561455E-07   2.21970978E-07   1.03111503E-07
   2.38585585E-07   1.11474975E-07   2.38227898E-07   1.10951476E-07
   2.59543299E-07   1.21630251E-07   2.59123055E-07   1.21014111E-07
   2.86299013E-07   1.34589129E-07   2.85799103E-07   1.33855181E-07
   3.20256248E-07   1.51041320E-07   3.19654987E-07   1.50156623E-07
   3.63128464E-07   1.71832156E-07   3.62397600E-07   1.70754603E-07
   4.17000905E-07   1.97994737E-07   4.16103433E-07   1.96669433E-07
   4.84404666E-07   2.30788217E-07   4.83293661E-07   2.29144362E-07
   5.68405653E-07   2.71743659E-07   5.67021573E-07   2.69690901E-07
   6.72710030E-07   3.22718847E-07   6.70973748E-07   3.20141567E-07
   8.01783131E-07   3.85962721E-07   7.99598183E-07   3.82713722E-07
   9.60999273E-07   4.64192254E-07   9.58242708E-07   4.60084095E-07
   1.15680950E-06   5.60681144E-07   1.15332375E-06   5.55478039E-07
   1.39694203E-06   6.79368668E-07   1.39253223E-06   6.72772217E-07
   1.69063890E-06   8.24983431E-07   1.68505881E-06   8.16619092E-07
   2.04892285E-06   1.00318948E-06   2.04186540E-06   9.92589548E-07
   2.48492256E-06   1.22075892E-06   2.47600383E-06   1.20733944E-06
   3.01423484E-06   1.48577442E-06   3.00298029E-06   1.46880689E-06
   3.65536357E-06   1.80785912E-06   3.64118387E-06   1.78643882E-06
   4.43019599E-06   2.19844787E-06   4.41236944E-06   2.17145839E-06
   5.36459947E-06   2.67110818E-06   5.34224091E-06   2.63716925E-06
   6.48906325E-06   3.24189000E-06   6.46107537E-06   3.19930814E-06
   7.83944961E-06   3.92976153E-06   7.80449318E-06   3.87645559E-06
   9.45786815E-06   4.75708748E-06   9.41432336E-06   4.69050792E-06
   1.13936776E-05   5.75016838E-06   1.13395390E-05   5.66721155E-06
   1.37045481E-05   6.93988886E-06   1.36374265E-05   6.83677263E-06
   1.64578014E-05   8.36243089E-06   1.63747918E-05   8.23457049E-06
   1.97318368E-05   1.00601146E-05   1.96294204E-05   9.90195258E-06
   2.36177948E-05   1.20823361E-05   2.34917079E-05   1.18871458E-05
   2.82212986E-05   1.44865789E-05   2.80664790E-05   1.42462495E-05
   3.36645935E-05   1.73396329E-05   3.34749893E-05   1.70444637E-05
   4.00889403E-05   2.07190151E-05   3.98572483E-05   2.03573272E-05
   4.76570676E-05   2.47143562E-05   4.73746222E-05   2.42722181E-05
   5.65560913E-05   2.94291822E-05   5.62126297E-05   2.88899646E-05
   6.70007939E-05   3.49827569E-05   6.65840998E-05   3.43266329E-05
   7.92370774E-05   4.15122522E-05   7.87326790E-05   4.07157568E-05
   9.35458374E-05   4.91750143E-05   9.29366943E-05   4.82103205E-05
   1.10247543E-04   5.81511667E-05   1.09513632E-04   5.69853873E-05
   1.29706721E-04   6.86464991E-05   1.28824468E-04   6.72408569E-05
   1.52337016E-04   8.08955665E-05   1.51278815E-04   7.92044157E-05
   1.78607603E-04   9.51651236E-05   1.77340873E-04   9.31351533E-05
   2.09048012E-04   1.11758090E-04   2.07535108E-04   1.09326604E-04
   2.44255614E-04   1.31017092E-04   2.42452938E-04   1.28110958E-04
   2.84902781E-04   1.53329776E-04   2.82759574E-04   1.49863670E-04
   3.31744202E-04   1.79132447E-04   3.29201663E-04   1.75007444E-04
   3.85625928E-04   2.08916274E-04   3.82615923E-04   2.04017866E-04
   4.47493047E-04   2.43232615E-04   4.43936937E-04   2.37427608E-04
   5.18399058E-04   2.82697962E-04   5.14207117E-04   2.75833358E-04
   5.99517080E-04   3.28002003E-04   5.94585377E-04   3.19901243E-04
   6.92148053E-04   3.79911973E-04   6.86358369E-04   3.70372785E-04
   7.97733257E-04   4.39282245E-04   7.90950202E-04   4.28071857E-04
   9.17865196E-04   5.07059973E-04   9.09934752E-04   4.93912201E-04
   1.05429918E-03   5.84292633E-04   1.04504626E-03   5.68904390E-04
   1.20896450E-03   6.72136026E-04   1.19818992E-03   6.54161151E-04
   1.38397911E-03   7.71864317E-04   1.37145864E-03   7.50911073E-04
   1.58165838E-03   8.84876412E-04   1.56713859E-03   8.60500091E-04
   1.80453167E-03   1.01270317E-03   1.78772642E-03   9.84402606E-04
   2.05535255E-03   1.15702162E-03   2.03594030E-03   1.12422905E-03
   2.33711302E-03   1.31965603E-03   2.31473218E-03   1.28173351E-03
   2.65305419E-03   1.50259235E-03   2.62729893E-03   1.45882391E-03
   3.00667738E-03   1.70798122E-03   2.97709857E-03   1.65756559E-03
   3.40175745E-03   1.93815248E-03   3.36785684E-03   1.88019173E-03
   3.84236011E-03   2.19561462E-03   3.80357914E-03   2.12911284E-03
   4.33283160E-03   2.48306966E-03   4.28855279E-03   2.40691728E-03
   4.87783831E-03   2.80341669E-03   4.82737785E-03   2.71637808E-03
   5.48234442E-03   3.15975421E-03   5.42495167E-03   3.06046265E-03
   6.15163846E-03   3.55538819E-03   6.08648825E-03   3.44233913E-03
   6.89133024E-03   3.99383064E-03   6.81751547E-03   3.86536634E-03
   7.70735601E-03   4.47881734E-03   7.62387225E-03   4.33311518E-03
   8.60596914E-03   5.01427567E-03   8.51173047E-03   4.84933704E-03
   9.59376153E-03   5.60436910E-03   9.48757958E-03   5.41800726E-03
   1.06776562E-02   6.25345297E-03   1.05582345E-02   6.04328653E-03
   1.18648540E-02   6.96609635E-03   1.17307995E-02   6.72952319E-03
   1.31629165E-02   7.74705969E-03   1.30127063E-02   7.48126302E-03
   1.45796789E-02   8.60128924E-03   1.44116646E-02   8.30322225E-03
   1.61232613E-02   9.53391660E-03   1.59356762E-02   9.20029078E-03
   1.78020522E-02   1.05502447E-02   1.75930150E-02   1.01774968E-02
   1.96246635E-02   1.16556911E-02   1.93921458E-02   1.12400260E-02
   2.15999726E-02   1.28558408E-02   2.13417634E-02   1.23931812E-02
   2.37370040E-02   1.41563676E-02   2.34508123E-02   1.36423409E-02
   2.60449760E-02   1.55630158E-02   2.57283133E-02   1.49929821E-02
   2.85331998E-02   1.70815866E-02   2.81834621E-02   1.64506286E-02
   3.12111303E-02   1.87179185E-02   3.08255143E-02   1.80208031E-02
   3.40881683E-02   2.04778593E-02   3.36637944E-02   1.97090469E-02
   3.71737964E-02   2.23671515E-02   3.67075801E-02   2.15208158E-02
   4.04774137E-02   2.43914872E-02   3.99661176E-02   2.34615449E-02
   4.40083183E-02   2.65564248E-02   4.34485562E-02   2.55364589E-02
   4.77755740E-02   2.88673565E-02   4.71638255E-02   2.77507082E-02
   5.17881736E-02   3.13294977E-02   5.11207543E-02   3.01091727E-02
   5.60546219E-02   3.39476913E-02   5.53277098E-02   3.26165371E-02
   6.05831966E-02   3.67266014E-02   5.97928539E-02   3.52771655E-02
   6.53816387E-02   3.96703668E-02   6.45237789E-02   3.80950198E-02
   7.04571530E-02   4.27828729E-02   6.95276707E-02   4.10736762E-02
   7.58164525E-02   4.60674055E-02   7.48109594E-02   4.42163199E-02
   8.14654604E-02   4.95267175E-02   8.03795904E-02   4.75256555E-02
   8.74092877E-02   5.31630144E-02   8.62385854E-02   5.10036424E-02
   9.36521739E-02   5.69778457E-02   9.23922434E-02   5.46518378E-02
  0.100197434       6.09720312E-02   9.88437161E-02   5.84709868E-02
  0.107047185       6.51456118E-02  0.105595239       6.24612570E-02
  0.114202574       6.94978088E-02  0.112647794       6.66218027E-02
  0.121663257       7.40269795E-02  0.120001137       7.09511936E-02
  0.129427508       7.87306502E-02  0.127653599       7.54469484E-02
  0.137492031       8.36050808E-02  0.135602355       8.01058486E-02
  0.145852372       8.86457711E-02  0.143842295       8.49235281E-02
  0.154501647       9.38470140E-02  0.152367294       8.98946822E-02
  0.163431749       9.92021114E-02  0.161169156       9.50129181E-02
  0.172632426      0.104703121      0.170238048      0.100270703    
  0.182091266      0.110340871      0.179561749      0.105659597    
  0.191794097      0.116104998      0.189126283      0.111169897    
  0.201724276      0.121984139      0.198915556      0.116790645    
  0.211863130      0.127965376      0.208911061      0.122509941    
  0.222189873      0.134034932      0.219092324      0.128314510    
  0.232681319      0.140177667      0.229436651      0.134190217    
  0.243311971      0.146377370      0.239918888      0.140121430    
  0.254053831      0.152616441      0.250511587      0.146091938    
  0.264877170      0.158876523      0.261185676      0.152084216    
  0.275749803      0.165138111      0.271909624      0.158079728    
  0.286637425      0.171380848      0.282649606      0.164059192    
  0.297503561      0.177583441      0.293369800      0.170002311    
  0.308311343      0.183723822      0.304033399      0.175888181    
  0.319021106      0.189779356      0.314601272      0.181695312    
  0.329590827      0.195726946      0.325033277      0.187401667    
  0.339978993      0.201543331      0.335288137      0.192985058    
  0.350142926      0.207204551      0.345322490      0.198422641    
  0.360038817      0.212686867      0.355094552      0.203691691    
  0.369622946      0.217966542      0.364560694      0.208769873    
  0.378851175      0.223020405      0.373677373      0.213634178    
  0.387680411      0.227825269      0.382401794      0.218263015    
  0.396067411      0.232359022      0.390691608      0.222634867    
  0.403970718      0.236599892      0.398505926      0.226728857    
  0.411350518      0.240527466      0.405804902      0.230525285    
  0.418167800      0.244122401      0.412550390      0.234005272    
  0.424386322      0.247366324      0.418706387      0.237151563    
  0.429972798      0.250242919      0.424240083      0.239947692    
  0.434895843      0.252737105      0.429120392      0.242379189    
  0.439127982      0.254835099      0.433319986      0.244433150    
  0.442645043      0.256526113      0.436814576      0.246098071    
  0.445426077      0.257800102      0.439583421      0.247365236    
  0.447454572      0.258650005      0.441610157      0.248227090    
  0.448717535      0.259071440      0.442882031      0.248678267    
  0.449207008      0.259061605      0.443390310      0.248715594    
  0.448917896      0.258618474      0.443131179      0.248338178    
  0.447851270      0.257744819      0.442104191      0.247547105    
  0.446011186      0.256443620      0.440313697      0.246345967    
  0.443406671      0.254720867      0.437768131      0.244739532    
  0.440050781      0.252584696      0.434480697      0.242735744    
  0.435960144      0.250045359      0.430467904      0.240344077    
  0.431156516      0.247114986      0.425750405      0.237576023    
  0.425663859      0.243807986      0.420352161      0.234444678    
  0.419510961      0.240140155      0.414301097      0.230965123    
  0.412728935      0.236128986      0.407628328      0.227154389    
  0.405352950      0.231793970      0.400367945      0.223030224    
  0.397419691      0.227155358      0.392556429      0.218612194    
  0.388968736      0.222234592      0.384232253      0.213921070    
  0.380041242      0.217054501      0.375436485      0.208978251    
  0.370680273      0.211638421      0.366211444      0.203806326    
  0.360929698      0.206010401      0.356600225      0.198428079    
  0.350834578      0.200195044      0.346647382      0.192866996    
  0.340440065      0.194217250      0.336397946      0.187147319    
  0.329791516      0.188101500      0.325895935      0.181292295    
  0.318934828      0.181873068      0.315187097      0.175326407    
  0.307914644      0.175556466      0.304315001      0.169273019    
  0.296774805      0.169175759      0.293323785      0.163155586    
  0.285558313      0.162754878      0.282255471      0.156996638    
  0.274306387      0.156316325      0.271150887      0.150818273    
  0.263058960      0.149882272      0.260049492      0.144641787    
  0.251853943      0.143473938      0.248988539      0.138487577    
  0.240726933      0.137111202      0.238003671      0.132374957    
  0.229711920      0.130813047      0.227128252      0.126322091    
  0.218840197      0.124597251      0.216393173      0.120346151    
  0.208140939      0.118479967      0.205827460      0.114463024    
  0.197640821      0.112476334      0.195457354      0.108687326    
  0.187364385      0.106600381      0.185307160      0.103032470    
  0.177333459      0.100864276      0.175398618       9.75106210E-02
  0.167567208       9.52792466E-02  0.165750653       9.21324939E-02
