   1.83454148E-07   8.21874551E-08   1.83454148E-07   8.21874551E-08
   1.83455541E-07   8.21878672E-08   1.83455541E-07   8.21878672E-08
   1.83455541E-07   8.21878672E-08   1.83455541E-07   8.21878672E-08
   1.83455541E-07   8.21878672E-08   1.83455541E-07   8.21878672E-08
   1.83455541E-07   8.21878672E-08   1.83455541E-07   8.21878672E-08
   1.83455541E-07   8.21878672E-08   1.83455541E-07   8.21878672E-08
   1.83455541E-07   8.21878672E-08   1.83455541E-07   8.21878672E-08
   1.83455541E-07   8.21878672E-08   1.83455541E-07   8.21878672E-08
   1.83455541E-07   8.21878672E-08   1.83455541E-07   8.21878672E-08
   1.83455541E-07   8.21878672E-08   1.83455541E-07   8.21878672E-08
   1.83455541E-07   8.21878672E-08   1.83455541E-07   8.21878672E-08
   1.83455541E-07   8.21878672E-08   1.83455541E-07   8.21878672E-08
   1.83455541E-07   8.21878672E-08   1.83455541E-07   8.21878672E-08
   1.83455541E-07   8.21878672E-08   1.83455541E-07   8.21878672E-08
   1.83455541E-07   8.21878672E-08   1.83455541E-07   8.21878672E-08
   1.83455541E-07   8.21878672E-08   1.83455541E-07   8.21878672E-08
   1.83455541E-07   8.21878672E-08   1.83455541E-07   8.21878672E-08
   1.83455541E-07   8.21878672E-08   1.83455541E-07   8.21878672E-08
   1.83455541E-07   8.21878672E-08   1.83455541E-07   8.21878672E-08
   1.83455541E-07   8.21878672E-08   1.83455541E-07   8.21878672E-08
   1.83455541E-07   8.21878672E-08   1.83455541E-07   8.21878672E-08
   1.83455541E-07   8.21878672E-08   1.83455541E-07   8.21878672E-08
   1.83455541E-07   8.21878672E-08   1.83455541E-07   8.21878672E-08
   1.83455541E-07   8.21878672E-08   1.83455541E-07   8.21878672E-08
   1.83455541E-07   8.21878672E-08   1.83455541E-07   8.21878672E-08
   1.83455541E-07   8.21878672E-08   1.83455541E-07   8.21878672E-08
   1.83455541E-07   8.21878672E-08   1.83455541E-07   8.21878672E-08
   1.83455541E-07   8.21878672E-08   1.83455541E-07   8.21878672E-08
   1.83455541E-07   8.21878672E-08   1.83455541E-07   8.21878672E-08
   1.83455541E-07   8.21878672E-08   1.83455541E-07   8.21878672E-08
   1.83455541E-07   8.21878672E-08   1.83455541E-07   8.21878672E-08
   1.83455541E-07   8.21878672E-08   1.83455541E-07   8.21878672E-08
   1.83455541E-07   8.21878672E-08   1.83455541E-07   8.21878672E-08
   1.83455541E-07   8.21878672E-08   1.83455541E-07   8.21878672E-08
   1.83455541E-07   8.21878672E-08   1.83455541E-07   8.21878672E-08
   1.83455541E-07   8.21878672E-08   1.83455541E-07   8.21878672E-08
   1.83455541E-07   8.21878672E-08   1.83455541E-07   8.21878672E-08
   1.83455541E-07   8.21878672E-08   1.83455541E-07   8.21878672E-08
   1.83455541E-07   8.21878672E-08   1.83455541E-07   8.21878672E-08
   1.83455541E-07   8.21878672E-08   1.83455541E-07   8.21878672E-08
   1.83455541E-07   8.21878672E-08   1.83455541E-07   8.21878672E-08
   1.83455541E-07   8.21878672E-08   1.83455541E-07   8.21878672E-08
   1.83455541E-07   8.21878672E-08   1.83455541E-07   8.21878672E-08
   1.83455541E-07   8.21878672E-08   1.83455541E-07   8.21878672E-08
   1.83455541E-07   8.21878672E-08   1.83455541E-07   8.21878672E-08
   1.83455541E-07   8.21878672E-08   1.83455541E-07   8.21878672E-08
   1.83455541E-07   8.21878672E-08   1.83455541E-07   8.21878672E-08
   1.83455541E-07   8.21878672E-08   1.83455541E-07   8.21878672E-08
   1.83455541E-07   8.21878672E-08   1.83455541E-07   8.21878672E-08
   1.83455541E-07   8.21878672E-08   1.83455541E-07   8.21878672E-08
   1.83455541E-07   8.21878672E-08   1.83455541E-07   8.21878672E-08
   1.83455541E-07   8.21878672E-08   1.83455541E-07   8.21878672E-08
   1.83455541E-07   8.21878672E-08   1.83455541E-07   8.21878672E-08
   1.83457644E-07   8.21887056E-08   1.83457644E-07   8.21887056E-08
   1.83462831E-07   8.21910291E-08   1.83462831E-07   8.21910291E-08
   1.83472196E-07   8.21952497E-08   1.83472196E-07   8.21952497E-08
   1.83488552E-07   8.22026180E-08   1.83488552E-07   8.22026180E-08
   1.83516150E-07   8.22149815E-08   1.83516150E-07   8.22149815E-08
   1.83561340E-07   8.22352106E-08   1.83561340E-07   8.22352106E-08
   1.83633631E-07   8.22675688E-08   1.83633631E-07   8.22675688E-08
   1.83747204E-07   8.23184578E-08   1.83747204E-07   8.23184578E-08
   1.83922765E-07   8.23970581E-08   1.83922765E-07   8.23970581E-08
   1.84190100E-07   8.25167774E-08   1.84190100E-07   8.25167774E-08
   1.84591272E-07   8.26965092E-08   1.84591272E-07   8.26965092E-08
   1.85185314E-07   8.29627140E-08   1.85185314E-07   8.29627140E-08
   1.86054194E-07   8.33519778E-08   1.86054194E-07   8.33519778E-08
   1.87309624E-07   8.39144079E-08   1.87309624E-07   8.39144079E-08
   1.89102551E-07   8.47177120E-08   1.89102551E-07   8.47177120E-08
   1.91635493E-07   8.58523990E-08   1.91635493E-07   8.58523990E-08
   1.95175744E-07   8.74384369E-08   1.95175744E-07   8.74384369E-08
   2.00074709E-07   8.96332821E-08   2.00074709E-07   8.96332821E-08
   2.06789608E-07   9.26416348E-08   2.06789608E-07   9.26416348E-08
   2.15910632E-07   9.67278382E-08   2.15910632E-07   9.67278382E-08
   2.28194381E-07   1.02230956E-07   2.28194381E-07   1.02230956E-07
   2.44604166E-07   1.09582587E-07   2.44604166E-07   1.09582587E-07
   2.66360303E-07   1.19329258E-07   2.66360303E-07   1.19329258E-07
   2.94999495E-07   1.32159713E-07   2.94999495E-07   1.32159713E-07
   3.32449417E-07   1.48937204E-07   3.32449417E-07   1.48937204E-07
   3.81116706E-07   1.70740179E-07   3.81116706E-07   1.70740179E-07
   4.43996583E-07   1.98910342E-07   4.43996583E-07   1.98910342E-07
   5.24804364E-07   2.35112296E-07   5.24804364E-07   2.35112296E-07
   6.28136149E-07   2.81404851E-07   6.28136149E-07   2.81404851E-07
   7.59657155E-07   3.40326608E-07   7.59657041E-07   3.40327290E-07
   9.26352755E-07   4.15004024E-07   9.26352755E-07   4.15005189E-07
   1.13677766E-06   5.09274685E-07   1.13677766E-06   5.09276163E-07
   1.40144857E-06   6.27847271E-07   1.40144857E-06   6.27849431E-07
   1.73320268E-06   7.76472234E-07   1.73320257E-06   7.76474224E-07
   2.14771444E-06   9.62175477E-07   2.14771353E-06   9.62181502E-07
   2.66408028E-06   1.19350432E-06   2.66407847E-06   1.19351546E-06
   3.30549301E-06   1.48085701E-06   3.30548960E-06   1.48087418E-06
   4.10005896E-06   1.83682982E-06   4.10005487E-06   1.83685574E-06
   5.08177482E-06   2.27664464E-06   5.08176981E-06   2.27669670E-06
   6.29158876E-06   2.81866505E-06   6.29158103E-06   2.81875259E-06
   7.77864170E-06   3.48492608E-06   7.77862897E-06   3.48507842E-06
   9.60164471E-06   4.30178943E-06   9.60161378E-06   4.30205273E-06
   1.18303051E-05   5.30063107E-06   1.18302514E-05   5.30108127E-06
   1.45469203E-05   6.51868822E-06   1.45468075E-05   6.51940127E-06
   1.78481696E-05   8.00006001E-06   1.78479495E-05   8.00106591E-06
   2.18480036E-05   9.79706965E-06   2.18475707E-05   9.79828746E-06
   2.66822990E-05   1.19722017E-05   2.66815096E-05   1.19733850E-05
   3.25135188E-05   1.45998529E-05   3.25120927E-05   1.46005796E-05
   3.95344905E-05   1.77681231E-05   3.95320021E-05   1.77678139E-05
   4.79708215E-05   2.15804448E-05   4.79667870E-05   2.15783057E-05
   5.80863125E-05   2.61580954E-05   5.80799788E-05   2.61530495E-05
   7.01884856E-05   3.16429068E-05   7.01787721E-05   3.16334481E-05
   8.46349212E-05   3.82003673E-05   8.46204057E-05   3.81844038E-05
   1.01840764E-04   4.60231422E-05   1.01819627E-04   4.59979092E-05
   1.22286830E-04   5.53350837E-05   1.22256533E-04   5.52968486E-05
   1.46528342E-04   6.63955507E-05   1.46485501E-04   6.63393948E-05
   1.75204768E-04   7.95043234E-05   1.75145280E-04   7.94238367E-05
   2.09051330E-04   9.50069807E-05   2.08969810E-04   9.48938323E-05
   2.48909520E-04   1.13300477E-04   2.48798868E-04   1.13144270E-04
   2.95740465E-04   1.34839938E-04   2.95591395E-04   1.34627437E-04
   3.50638526E-04   1.60145923E-04   3.50440067E-04   1.59860327E-04
   4.14846669E-04   1.89812083E-04   4.14584647E-04   1.89431943E-04
   4.89772356E-04   2.24513482E-04   4.89429280E-04   2.24012139E-04
   5.77005907E-04   2.65015173E-04   5.76559105E-04   2.64360133E-04
   6.78338052E-04   3.12183605E-04   6.77761156E-04   3.11333977E-04
   7.95779284E-04   3.66995140E-04   7.95037893E-04   3.65900778E-04
   9.31579038E-04   4.30548389E-04   9.30632115E-04   4.29148029E-04
   1.08825078E-03   5.04075375E-04   1.08704786E-03   5.02295268E-04
   1.26858917E-03   5.88954776E-04   1.26707111E-03   5.86704584E-04
   1.47569971E-03   6.86724496E-04   1.47379411E-03   6.83895196E-04
   1.71301665E-03   7.99094443E-04   1.71063491E-03   7.95555941E-04
   1.98432617E-03   9.27960675E-04   1.98136456E-03   9.23556276E-04
   2.29379302E-03   1.07541948E-03   2.29013059E-03   1.06996507E-03
   2.64598639E-03   1.24378339E-03   2.64147553E-03   1.23705890E-03
   3.04589747E-03   1.43559242E-03   3.04036774E-03   1.42733962E-03
   3.49896657E-03   1.65363413E-03   3.49222263E-03   1.64354930E-03
   4.01110668E-03   1.90095196E-03   4.00290824E-03   1.88867806E-03
   4.58873110E-03   2.18086410E-03   4.57880693E-03   2.16598785E-03
   5.23874350E-03   2.49697105E-03   5.22677368E-03   2.47901003E-03
   5.96859539E-03   2.85317493E-03   5.95421484E-03   2.83156801E-03
   6.78626029E-03   3.25368112E-03   6.76905038E-03   3.22778779E-03
   7.70026771E-03   3.70302028E-03   7.67974788E-03   3.67210037E-03
   8.71972274E-03   4.20604926E-03   8.69535096E-03   4.16925736E-03
   9.85428784E-03   4.76794923E-03   9.82542895E-03   4.72432282E-03
   1.11141838E-02   5.39425109E-03   1.10801393E-02   5.34270192E-03
   1.25101954E-02   6.09081937E-03   1.24701839E-02   6.03010319E-03
   1.40536986E-02   6.86385529E-03   1.40068112E-02   6.79258071E-03
   1.57565549E-02   7.71989580E-03   1.57017987E-02   7.63649261E-03
   1.76311843E-02   8.66580475E-03   1.75674632E-02   8.56851693E-03
   1.96904633E-02   9.70874727E-03   1.96165349E-02   9.59562697E-03
   2.19477974E-02   1.08562121E-02   2.18622759E-02   1.07250661E-02
   2.44169626E-02   1.21159377E-02   2.43183393E-02   1.19643500E-02
   2.71120984E-02   1.34959249E-02   2.69987416E-02   1.33212470E-02
   3.00477464E-02   1.50044132E-02   2.99178306E-02   1.48037076E-02
   3.32386531E-02   1.66497994E-02   3.30901742E-02   1.64198689E-02
   3.66998091E-02   1.84406620E-02   3.65306474E-02   1.81780197E-02
   4.04462777E-02   2.03856826E-02   4.02541310E-02   2.00864878E-02
   4.44932915E-02   2.24935766E-02   4.42756191E-02   2.21537091E-02
   4.88559455E-02   2.47730911E-02   4.86100800E-02   2.43881103E-02
   5.35492562E-02   2.72328872E-02   5.32722771E-02   2.67979894E-02
   5.85880205E-02   2.98815519E-02   5.82768396E-02   2.93915793E-02
   6.39866740E-02   3.27274278E-02   6.36380464E-02   3.21769081E-02
   6.97594136E-02   3.57786678E-02   6.93696886E-02   3.51617448E-02
   7.59195015E-02   3.90430279E-02   7.54850879E-02   3.83534878E-02
   8.24799016E-02   4.25279103E-02   8.19968209E-02   4.17592153E-02
   8.94525424E-02   4.62401658E-02   8.89168680E-02   4.53854576E-02
   9.68485922E-02   5.01861162E-02   9.62559953E-02   4.92381826E-02
  0.104678087       5.43713868E-02  0.104024209       5.33227473E-02
  0.112949848       5.88008836E-02  0.112230264       5.76437637E-02
  0.121671714       6.34786710E-02  0.120881438       6.22049347E-02
  0.130849540       6.84078932E-02  0.129983962       6.70093149E-02
  0.140488163       7.35906959E-02  0.139542177       7.20587000E-02
  0.150590092       7.90281370E-02  0.149558946       7.73541033E-02
  0.161156461       8.47201198E-02  0.160035193       8.28951150E-02
  0.172186330       9.06652659E-02  0.170969665       8.86805654E-02
  0.183676645       9.68608111E-02  0.182359397       9.47075412E-02
  0.195621669      0.103302680      0.194198951      0.100972146    
  0.208013669      0.109985337      0.206480384      0.107468650    
  0.220842198      0.116901651      0.219193190      0.114190400    
  0.234093800      0.124042839      0.232324630      0.121128798    
  0.247752562      0.131398544      0.245858520      0.128273696    
  0.261799306      0.138956606      0.259775937      0.135613427    
  0.276211739      0.146703109      0.274055034      0.143134579    
  0.290964305      0.154622629      0.288670242      0.150822103    
  0.306028217      0.162697569      0.303593457      0.158659235    
  0.321370631      0.170908540      0.318792135      0.166627288    
  0.336955905      0.179234415      0.334230989      0.174706042    
  0.352743745      0.187652335      0.349870652      0.182873458    
  0.368691474      0.196137741      0.365668386      0.191105604    
  0.384752005      0.204664066      0.381578118      0.199377283    
  0.400874704      0.213203371      0.397549450      0.207661510    
  0.417006135      0.221726120      0.413529575      0.215929776    
  0.433089137      0.230201498      0.429462224      0.224152505    
  0.449063748      0.238597453      0.445287973      0.232298687    
  0.464867502      0.246880874      0.460944891      0.240336493    
  0.480435282      0.255017698      0.476368487      0.248232812    
  0.495700002      0.262973219      0.491492480      0.255954057    
  0.510593116      0.270711809      0.506249309      0.263466775    
  0.525045753      0.278198928      0.520569801      0.270736575    
  0.538986564      0.285398692      0.534385204      0.277729392    
  0.552347004      0.292276770      0.547625601      0.284411550    
  0.565057337      0.298798859      0.560223758      0.290749907    
  0.577050507      0.304931581      0.572111547      0.296712130    
  0.588259995      0.310643077      0.583224475      0.302267283    
  0.598622918      0.315902919      0.593498826      0.307385355    
  0.608079374      0.320682287      0.602875352      0.312038839    
  0.616573036      0.324954361      0.611298680      0.316201299    
  0.624052227      0.328695178      0.618717730      0.319849491    
  0.630469680      0.331882685      0.625085771      0.322961211    
  0.635785282      0.334498018      0.630361795      0.325518876    
  0.639963567      0.336525023      0.634510577      0.327506363    
  0.642975152      0.337950796      0.637504697      0.328910381    
  0.644798219      0.338765830      0.639321268      0.329721779    
  0.645418048      0.338963211      0.639944434      0.329933316    
  0.644825518      0.338541359      0.639369428      0.329545140    
  0.643020749      0.337500691      0.637589037      0.328554153    
  0.640011311      0.335844964      0.634613812      0.326965213    
  0.635809779      0.333582103      0.630457580      0.324786156    
  0.630436420      0.330723286      0.625139415      0.322027445    
  0.623920500      0.327282965      0.618689001      0.318702400    
  0.616296351      0.323279053      0.611138582      0.314828396    
  0.607605100      0.318731993      0.602530062      0.310425460    
  0.597894073      0.313665450      0.592910767      0.305516213    
  0.587215662      0.308105737      0.582331300      0.300125808    
  0.575627208      0.302081436      0.570849419      0.294282585    
  0.563191772      0.295623511      0.558525860      0.288015604    
  0.549973428      0.288764834      0.545425653      0.281357080    
  0.536041498      0.281539142      0.531617582      0.274340242    
  0.521467388      0.273982316      0.517172337      0.266999453    
  0.506324351      0.266130835      0.502161801      0.259369880    
  0.490686864      0.258021772      0.486660391      0.251488119    
  0.474630296      0.249692872      0.470742553      0.243390590    
  0.458229810      0.241181880      0.454483360      0.235114202    
  0.441559672      0.232526526      0.437956274      0.226695374    
  0.424693376      0.223763555      0.421233952      0.218170106    
  0.407702327      0.214929253      0.404387593      0.209573761    
  0.390656054      0.206058949      0.387485743      0.200940788    
  0.373621047      0.197186738      0.370594174      0.192304447    
  0.356660932      0.188345134      0.353776753      0.183696523    
  0.339835733      0.179565370      0.337092370      0.175147340    
  0.323201269      0.170876682      0.320597708      0.166685387    
  0.306811363      0.162306085      0.304344118      0.158337519    
  0.290713310      0.153879181      0.288379639      0.150128245    
  0.274951220      0.145619258      0.272748023      0.142080560    
  0.259564549      0.137547210      0.257488728      0.134214997    
  0.244588792      0.129682109      0.242636576      0.126549914    
  0.230054483      0.122040518      0.228221938      0.119101740    
  0.215988189      0.114636876      0.214271128      0.111884736    
  0.202411711      0.107483484      0.200805902      0.104910977    
  0.189343259      0.100590639      0.187844247       9.81903672E-02
  0.176796690       9.39662382E-02  0.175399914       9.17308554E-02
  0.164782047       8.76163989E-02  0.163482994       8.55384693E-02
  0.153305724       8.15453678E-02  0.152100012       7.96173960E-02
  0.142371014       7.57555217E-02  0.141253874       7.39699528E-02
  0.131977648       7.02475011E-02  0.130944550       6.85968697E-02
  0.122122735       6.50204271E-02  0.121169165       6.34974167E-02
  0.112800434       6.00720197E-02  0.111921862       5.86693138E-02
  0.104002573       5.53985834E-02  0.103194617       5.41090295E-02
   9.57188159E-02   5.09952195E-02   9.49772671E-02   4.98119146E-02
   8.79369825E-02   4.68560308E-02   8.72576982E-02   4.57722805E-02
   8.06431919E-02   4.29741591E-02   8.00220892E-02   4.19833884E-02
   7.38221183E-02   3.93419638E-02   7.32552260E-02   3.84378694E-02
   6.74572438E-02   3.59510407E-02   6.69408217E-02   3.51276249E-02
   6.15311190E-02   3.27925496E-02   6.10615648E-02   3.20439860E-02
   5.60254678E-02   2.98570432E-02   5.55992983E-02   2.91778389E-02
   5.09214699E-02   2.71348897E-02   5.05354404E-02   2.65197400E-02
   4.62000184E-02   2.46160664E-02   4.58510183E-02   2.40599886E-02
   4.18416560E-02   2.22904868E-02   4.15267013E-02   2.17887331E-02
   3.78270000E-02   2.01479550E-02   3.75433341E-02   1.96960904E-02
   3.41367275E-02   1.81783233E-02   3.38816866E-02   1.77721493E-02
   3.07516754E-02   1.63715184E-02   3.05228028E-02   1.60070919E-02
   2.76530329E-02   1.47175817E-02   2.74480730E-02   1.43912286E-02
   2.48224381E-02   1.32067855E-02   2.46392339E-02   1.29150795E-02
   2.22420096E-02   1.18296351E-02   2.20785458E-02   1.15693957E-02
   1.98944099E-02   1.05769457E-02   1.97488461E-02   1.03452029E-02
   1.77630447E-02   9.43981763E-03   1.76336523E-02   9.23384912E-03
   1.58318598E-02   8.40972830E-03   1.57170780E-02   8.22701771E-03
   1.40856020E-02   7.47853145E-03   1.39839724E-02   7.31675839E-03
   1.25097260E-02   6.63845148E-03   1.24199195E-02   6.49549207E-03
   1.10904677E-02   5.88211836E-03   1.10112531E-02   5.75602893E-03
   9.81479883E-03   5.20256860E-03   9.74504277E-03   5.09157730E-03
   8.67045857E-03   4.59324848E-03   8.60916544E-03   4.49572317E-03
   7.64597487E-03   4.04799916E-03   7.59221846E-03   3.96246603E-03
   6.73059514E-03   3.56105925E-03   6.68354239E-03   3.48619442E-03
   5.91431465E-03   3.12706851E-03   5.87320514E-03   3.06166383E-03
   5.18782623E-03   2.74103973E-03   5.15198754E-03   2.68400880E-03
   4.54252772E-03   2.39835214E-03   4.51133726E-03   2.34871963E-03
   3.97046097E-03   2.09474494E-03   3.94336786E-03   2.05163378E-03
   3.46429995E-03   1.82629202E-03   3.44081037E-03   1.78891665E-03
   3.01732030E-03   1.58938905E-03   2.99699488E-03   1.55704934E-03
   2.62336479E-03   1.38073845E-03   2.60581519E-03   1.35281158E-03
   2.27681478E-03   1.19733170E-03   2.26169126E-03   1.17326237E-03
   1.97255565E-03   1.03642966E-03   1.95954577E-03   1.01572613E-03
   1.70593802E-03   8.95545410E-04   1.69476890E-03   8.77772109E-04
   1.47275301E-03   7.72428757E-04   1.46318250E-03   7.57200643E-04
   1.26919744E-03   6.65046682E-04   1.26101519E-03   6.52025803E-04
   1.09184755E-03   5.71570301E-04   1.08486554E-03   5.60459041E-04
   9.37623729E-04   4.90355771E-04   9.31676070E-04   4.80892922E-04
   8.03763280E-04   4.19929944E-04   7.98707420E-04   4.11887100E-04
   6.87797903E-04   3.58976919E-04   6.83509279E-04   3.52154544E-04
   5.87525894E-04   3.06323433E-04   5.83895657E-04   3.00548447E-04
   5.00986527E-04   2.60926812E-04   4.97919042E-04   2.56047671E-04
   4.26439656E-04   2.21861046E-04   4.23853198E-04   2.17747234E-04
   3.62344756E-04   1.88307313E-04   3.60168109E-04   1.84845820E-04
   3.07339738E-04   1.59542848E-04   3.05512105E-04   1.56636306E-04
   2.60224915E-04   1.34931019E-04   2.58692860E-04   1.32495334E-04
   2.19943307E-04   1.13912043E-04   2.18662113E-04   1.11875277E-04
