   1.83454148E-07   8.21874551E-08   1.83454148E-07   8.21874551E-08
   1.83455541E-07   8.21878672E-08   1.83455541E-07   8.21878672E-08
   1.83455541E-07   8.21878672E-08   1.83455541E-07   8.21878672E-08
   1.83455541E-07   8.21878672E-08   1.83455541E-07   8.21878672E-08
   1.83455541E-07   8.21878672E-08   1.83455541E-07   8.21878672E-08
   1.83455541E-07   8.21878672E-08   1.83455541E-07   8.21878672E-08
   1.83455541E-07   8.21878672E-08   1.83455541E-07   8.21878672E-08
   1.83455541E-07   8.21878672E-08   1.83455541E-07   8.21878672E-08
   1.83455541E-07   8.21878672E-08   1.83455541E-07   8.21878672E-08
   1.83455541E-07   8.21878672E-08   1.83455541E-07   8.21878672E-08
   1.83455541E-07   8.21878672E-08   1.83455541E-07   8.21878672E-08
   1.83455541E-07   8.21878672E-08   1.83455541E-07   8.21878672E-08
   1.83455541E-07   8.21878672E-08   1.83455541E-07   8.21878672E-08
   1.83455541E-07   8.21878672E-08   1.83455541E-07   8.21878672E-08
   1.83455541E-07   8.21878672E-08   1.83455541E-07   8.21878672E-08
   1.83455541E-07   8.21878672E-08   1.83455541E-07   8.21878672E-08
   1.83455541E-07   8.21878672E-08   1.83455541E-07   8.21878672E-08
   1.83455541E-07   8.21878672E-08   1.83455541E-07   8.21878672E-08
   1.83455541E-07   8.21878672E-08   1.83455541E-07   8.21878672E-08
   1.83455541E-07   8.21878672E-08   1.83455541E-07   8.21878672E-08
   1.83455541E-07   8.21878672E-08   1.83455541E-07   8.21878672E-08
   1.83455541E-07   8.21878672E-08   1.83455541E-07   8.21878672E-08
   1.83455541E-07   8.21878672E-08   1.83455541E-07   8.21878672E-08
   1.83455541E-07   8.21878672E-08   1.83455541E-07   8.21878672E-08
   1.83455541E-07   8.21878672E-08   1.83455541E-07   8.21878672E-08
   1.83455541E-07   8.21878672E-08   1.83455541E-07   8.21878672E-08
   1.83455541E-07   8.21878672E-08   1.83455541E-07   8.21878672E-08
   1.83455541E-07   8.21878672E-08   1.83455541E-07   8.21878672E-08
   1.83455541E-07   8.21878672E-08   1.83455541E-07   8.21878672E-08
   1.83455541E-07   8.21878672E-08   1.83455541E-07   8.21878672E-08
   1.83455541E-07   8.21878672E-08   1.83455541E-07   8.21878672E-08
   1.83457445E-07   8.21886488E-08   1.83457445E-07   8.21886488E-08
   1.83463314E-07   8.21912280E-08   1.83463314E-07   8.21912280E-08
   1.83474981E-07   8.21965074E-08   1.83474981E-07   8.21965074E-08
   1.83497647E-07   8.22066752E-08   1.83497647E-07   8.22066752E-08
   1.83539498E-07   8.22254478E-08   1.83539498E-07   8.22254478E-08
   1.83614048E-07   8.22588433E-08   1.83614048E-07   8.22588433E-08
   1.83742898E-07   8.23166104E-08   1.83742898E-07   8.23166104E-08
   1.83959983E-07   8.24138411E-08   1.83959983E-07   8.24138411E-08
   1.84316690E-07   8.25737061E-08   1.84316690E-07   8.25737061E-08
   1.84889799E-07   8.28305033E-08   1.84889799E-07   8.28305033E-08
   1.85791293E-07   8.32343332E-08   1.85791293E-07   8.32343332E-08
   1.87180646E-07   8.38567757E-08   1.87180646E-07   8.38567757E-08
   1.89281479E-07   8.47979180E-08   1.89281479E-07   8.47979180E-08
   1.92401089E-07   8.61955414E-08   1.92401089E-07   8.61955414E-08
   1.96955483E-07   8.82358933E-08   1.96955483E-07   8.82358933E-08
   2.03498345E-07   9.11670597E-08   2.03498345E-07   9.11670597E-08
   2.12757485E-07   9.53151584E-08   2.12757485E-07   9.53151584E-08
   2.25677354E-07   1.01103190E-07   2.25677354E-07   1.01103190E-07
   2.43470538E-07   1.09074627E-07   2.43470538E-07   1.09074627E-07
   2.67680520E-07   1.19920713E-07   2.67680520E-07   1.19920713E-07
   3.00255607E-07   1.34514366E-07   3.00255607E-07   1.34514366E-07
   3.43640863E-07   1.53950936E-07   3.43640863E-07   1.53950936E-07
   4.00888354E-07   1.79597777E-07   4.00888354E-07   1.79597777E-07
   4.75792859E-07   2.13154863E-07   4.75792859E-07   2.13154863E-07
   5.73056923E-07   2.56729408E-07   5.73056923E-07   2.56729408E-07
   6.98497331E-07   3.12926602E-07   6.98497331E-07   3.12926602E-07
   8.59289514E-07   3.84961396E-07   8.59289514E-07   3.84961396E-07
   1.06427387E-06   4.76794582E-07   1.06427387E-06   4.76794582E-07
   1.32432706E-06   5.93298751E-07   1.32432706E-06   5.93298751E-07
   1.65280858E-06   7.40458120E-07   1.65280858E-06   7.40458120E-07
   2.06610366E-06   9.25613620E-07   2.06610366E-06   9.25613620E-07
   2.58427667E-06   1.15775481E-06   2.58427667E-06   1.15775481E-06
   3.23185122E-06   1.44786861E-06   3.23185122E-06   1.44786861E-06
   4.03875720E-06   1.80936115E-06   4.03875720E-06   1.80936115E-06
   5.04143509E-06   2.25855933E-06   5.04143509E-06   2.25855933E-06
   6.28416001E-06   2.81529947E-06   6.28416001E-06   2.81529947E-06
   7.82062943E-06   3.50363371E-06   7.82062943E-06   3.50363371E-06
   9.71579266E-06   4.35266702E-06   9.71579266E-06   4.35266702E-06
   1.20480636E-05   5.39752000E-06   1.20480636E-05   5.39752000E-06
   1.49118587E-05   6.68049188E-06   1.49118587E-05   6.68049188E-06
   1.84206037E-05   8.25240568E-06   1.84206037E-05   8.25240568E-06
   2.27102100E-05   1.01741662E-05   2.27102100E-05   1.01741662E-05
   2.79432661E-05   1.25185807E-05   2.79432661E-05   1.25185807E-05
   3.43136271E-05   1.53725214E-05   3.43136271E-05   1.53725214E-05
   4.20520482E-05   1.88393151E-05   4.20520482E-05   1.88393151E-05
   5.14323510E-05   2.30417027E-05   5.14323510E-05   2.30417027E-05
   6.27788540E-05   2.81249704E-05   6.27788540E-05   2.81249704E-05
   7.64747019E-05   3.42607054E-05   7.64747019E-05   3.42607054E-05
   9.29713642E-05   4.16512012E-05   9.29713642E-05   4.16512012E-05
   1.12799622E-04   5.05342505E-05   1.12799622E-04   5.05342505E-05
   1.36581788E-04   6.11886280E-05   1.36581788E-04   6.11886280E-05
   1.65045160E-04   7.39403840E-05   1.65045160E-04   7.39404568E-05
   1.99038812E-04   8.91693344E-05   1.99038812E-04   8.91694508E-05
   2.39551126E-04   1.07318941E-04   2.39551126E-04   1.07319072E-04
   2.87730596E-04   1.28903077E-04   2.87730596E-04   1.28903223E-04
   3.44904925E-04   1.54517416E-04   3.44904925E-04   1.54517926E-04
   4.12607362E-04   1.84848250E-04   4.12607333E-04   1.84849152E-04
   4.92604217E-04   2.20686328E-04   4.92604217E-04   2.20688205E-04
   5.86920942E-04   2.62941205E-04   5.86920709E-04   2.62943649E-04
   6.97878015E-04   3.12650023E-04   6.97877724E-04   3.12654418E-04
   8.28114862E-04   3.70997383E-04   8.28114280E-04   3.71004920E-04
   9.80628189E-04   4.39326774E-04   9.80626908E-04   4.39339405E-04
   1.15879427E-03   5.19153255E-04   1.15879113E-03   5.19174791E-04
   1.36638933E-03   6.12177246E-04   1.36638503E-03   6.12213276E-04
   1.60759862E-03   7.20289536E-04   1.60759094E-03   7.20347802E-04
   1.88701192E-03   8.45588394E-04   1.88699970E-03   8.45677161E-04
   2.20963173E-03   9.90395551E-04   2.20960681E-03   9.90517787E-04
   2.58096657E-03   1.15730544E-03   2.58091558E-03   1.15744700E-03
   3.00727156E-03   1.34925451E-03   3.00718285E-03   1.34938909E-03
   3.49570950E-03   1.56956434E-03   3.49555979E-03   1.56964420E-03
   4.05432237E-03   1.82192761E-03   4.05407930E-03   1.82190142E-03
   4.69185552E-03   2.11039116E-03   4.69147600E-03   2.11019209E-03
   5.41782426E-03   2.43937736E-03   5.41725149E-03   2.43892008E-03
   6.24254066E-03   2.81370734E-03   6.24170760E-03   2.81288731E-03
   7.17715267E-03   3.23863188E-03   7.17597082E-03   3.23731243E-03
   8.23369529E-03   3.71984043E-03   8.23205151E-03   3.71785089E-03
   9.42515582E-03   4.26349882E-03   9.42289643E-03   4.26062196E-03
   1.07654175E-02   4.87625366E-03   1.07623823E-02   4.87222103E-03
   1.22693423E-02   5.56523725E-03   1.22653246E-02   5.55972755E-03
   1.39527814E-02   6.33809203E-03   1.39475279E-02   6.33071316E-03
   1.58324838E-02   7.20293820E-03   1.58256702E-02   7.19322590E-03
   1.79260690E-02   8.16839188E-03   1.79173350E-02   8.15579481E-03
   2.02520527E-02   9.24355909E-03   2.02409625E-02   9.22741741E-03
   2.28297524E-02   1.04380110E-02   2.28157528E-02   1.04175443E-02
   2.56792270E-02   1.17617557E-02   2.56617535E-02   1.17360465E-02
   2.88212691E-02   1.32252285E-02   2.87995804E-02   1.31932143E-02
   3.22771780E-02   1.48392385E-02   3.22504640E-02   1.47996722E-02
   3.60687599E-02   1.66149065E-02   3.60360481E-02   1.65663771E-02
   4.02181670E-02   1.85636654E-02   4.01783995E-02   1.85045134E-02
   4.47477475E-02   2.06971169E-02   4.46997471E-02   2.06254888E-02
   4.96799946E-02   2.30270233E-02   4.96222936E-02   2.29408201E-02
   5.50372005E-02   2.55652331E-02   5.49682602E-02   2.54620444E-02
   6.08414412E-02   2.83235423E-02   6.07594922E-02   2.82006785E-02
   6.71141446E-02   3.13135870E-02   6.70173094E-02   3.11680753E-02
   7.38763139E-02   3.45468037E-02   7.37624615E-02   3.43754105E-02
   8.11480209E-02   3.80343869E-02   8.10147300E-02   3.78333740E-02
   8.89482200E-02   4.17869464E-02   8.87928456E-02   4.15522829E-02
   9.72944871E-02   4.58145663E-02   9.71143022E-02   4.55418825E-02
  0.106203072       5.01266904E-02  0.105994962       4.98111993E-02
  0.115688495       5.47319129E-02  0.115449212       5.43684326E-02
  0.125763401       5.96378408E-02  0.125489265       5.92208244E-02
  0.136437938       6.48510754E-02  0.136125281       6.43745661E-02
  0.147720650       7.03771636E-02  0.147365347       6.98346496E-02
  0.159616992       7.62201324E-02  0.159214735       7.56049156E-02
  0.172129914       8.23828131E-02  0.171676517       8.16875771E-02
  0.185259864       8.88662040E-02  0.184750497       8.80835950E-02
  0.199004143       9.56700295E-02  0.198433861       9.47922543E-02
  0.213356897      0.102792151      0.212720871      0.101811089    
  0.228309199      0.110228702      0.227602452      0.109135926    
  0.243849456      0.117973983      0.243066430      0.116760924    
  0.259961933      0.126020491      0.259097517      0.124678224    
  0.276627630      0.134358332      0.275676757      0.132878155    
  0.293824792      0.142976135      0.292782009      0.141349226    
  0.311527312      0.151859999      0.310387373      0.150077865    
  0.329705596      0.160994500      0.328463286      0.159048170    
  0.348326623      0.170361653      0.346976966      0.168242618    
  0.367352754      0.179941371      0.365891248      0.177641511    
  0.386743814      0.189711243      0.385165483      0.187223002    
  0.406453907      0.199646920      0.404754937      0.196963027    
  0.426434129      0.209721595      0.424610704      0.206835747    
  0.446630508      0.219906405      0.444679379      0.216812864    
  0.466985613      0.230170354      0.464903474      0.226864204    
  0.487436920      0.240480438      0.485221446      0.236957565    
  0.507917941      0.250801712      0.505567789      0.247059017    
  0.528358877      0.261097282      0.525872171      0.257132500    
  0.548685968      0.271328121      0.546061397      0.267140418    
  0.568818271      0.281454533      0.566057146      0.277043909    
  0.588678002      0.291434944      0.585780680      0.286802828    
  0.608180344      0.301226854      0.605147898      0.296375722    
  0.627239048      0.310787141      0.624073446      0.305720627    
  0.645766497      0.320071727      0.642470717      0.314794928    
  0.663674176      0.329037577      0.660251856      0.323556155    
  0.680873394      0.337640256      0.677327991      0.331962109    
  0.697276115      0.345837355      0.693612695      0.339970708    
  0.712795973      0.353586882      0.709019661      0.347541243    
  0.727347612      0.360847563      0.723464906      0.354633451    
  0.740849555      0.367580742      0.736867368      0.361209542    
  0.753223896      0.373749644      0.749149144      0.367233455    
  0.764397800      0.379319191      0.760238171      0.372671485    
  0.774302959      0.384257436      0.770067096      0.377492219    
  0.782877743      0.388535976      0.778574288      0.381667495    
  0.790067375      0.392128438      0.785705149      0.385171980    
  0.795823276      0.395013243      0.791412771      0.387984127    
  0.800107300      0.397172064      0.795657277      0.390086085    
  0.802887142      0.398590803      0.798407316      0.391463935    
  0.804140389      0.399258167      0.799640477      0.392106831    
  0.803853095      0.399170190      0.799343526      0.392009437    
  0.802020848      0.398324639      0.797510982      0.391171634    
  0.798650503      0.396724313      0.794150829      0.389594883    
  0.793754101      0.394376338      0.789274573      0.387285739    
  0.787357569      0.391292721      0.782906711      0.384256005    
  0.779492676      0.387489259      0.775079966      0.380521595    
  0.770201445      0.382985920      0.765836179      0.376101047    
  0.759533763      0.377806753      0.755223811      0.371018380    
  0.747547328      0.371979207      0.743301451      0.365300030    
  0.734307766      0.365534902      0.730133355      0.358976871    
  0.719886720      0.358507872      0.715791523      0.352082223    
  0.704362929      0.350934952      0.700352848      0.344652295    
  0.687818706      0.342856467      0.683900416      0.336726010    
  0.670341969      0.334313750      0.666521847      0.328344494    
  0.652024448      0.325350493      0.648307681      0.319550276    
  0.632960200      0.316012204      0.629350483      0.310387433    
  0.613244951      0.306344807      0.609746933      0.300901175    
  0.592976034      0.296394855      0.589592099      0.291137308    
  0.572250545      0.286209255      0.568984568      0.281141847    
  0.551165521      0.275835365      0.548019886      0.270960778    
  0.529815674      0.265319169      0.526791751      0.260639310    
  0.508295715      0.254705936      0.505394578      0.250222236    
  0.486695319      0.244040251      0.483918309      0.239753187    
  0.465102315      0.233365029      0.462448984      0.229274035    
  0.443599552      0.222721219      0.441070050      0.218825310    
  0.422266513      0.212148100      0.419859409      0.208445385    
  0.401177049      0.201682702      0.398891389      0.198170543    
  0.380400300      0.191359505      0.378234029      0.188034728    
  0.359999150      0.181210563      0.357950658      0.178069308    
  0.340032220      0.171265185      0.338098645      0.168303281    
  0.320551068      0.161550045      0.318729728      0.158762708    
  0.301601946      0.152088940      0.299889833      0.149470985    
  0.283225209      0.142902747      0.281618863      0.140448764    
  0.265455574      0.134009838      0.263951272      0.131714031    
  0.248321518      0.125425369      0.246916026      0.123282015    
  0.231846631      0.117162183      0.230536163      0.115164980    
  0.216049030      0.109230295      0.214829355      0.107372865    
  0.200941354      0.101637185      0.199808523       9.99131799E-02
  0.186531693       9.43877995E-02  0.185481519       9.27908868E-02
  0.172823474       8.74850154E-02  0.171852037       8.60086754E-02
  0.159815982       8.09293836E-02  0.158919051       7.95671195E-02
  0.147504658       7.47193918E-02  0.146678269       7.34649003E-02
  0.135881215       6.88517764E-02  0.135121360       6.76988512E-02
  0.124934219       6.33216053E-02  0.124236964       6.22640774E-02
  0.114649452       5.81224710E-02  0.114010870       5.71543835E-02
  0.105010152       5.32465875E-02  0.104426488       5.23620918E-02
   9.59974304E-02   4.86849770E-02   9.54649895E-02   4.78784516E-02
   8.75904709E-02   4.44277041E-02   8.71057287E-02   4.36937436E-02
   7.97668546E-02   4.04640213E-02   7.93264881E-02   3.97973880E-02
   7.25031719E-02   3.67823951E-02   7.21039772E-02   3.61781418E-02
   6.57749921E-02   3.33708562E-02   6.54137135E-02   3.28241885E-02
   5.95569797E-02   3.02169882E-02   5.92307113E-02   2.97234021E-02
   5.38236536E-02   2.73080990E-02   5.35295457E-02   2.68633123E-02
   4.85491082E-02   2.46313699E-02   4.82845306E-02   2.42313650E-02
   4.37076427E-02   2.21739411E-02   4.34701405E-02   2.18148846E-02
   3.92735824E-02   1.99229624E-02   3.90608683E-02   1.96013097E-02
   3.52217741E-02   1.78657882E-02   3.50315683E-02   1.75782070E-02
   3.15274447E-02   1.59899611E-02   3.13577168E-02   1.57333668E-02
   2.81665046E-02   1.42833600E-02   2.80153565E-02   1.40548479E-02
   2.51156036E-02   1.27341878E-02   2.49812696E-02   1.25310738E-02
   2.23522019E-02   1.13310376E-02   2.22330429E-02   1.11508658E-02
   1.98546927E-02   1.00629712E-02   1.97492037E-02   9.90346260E-03
   1.76023822E-02   8.91951006E-03   1.75092034E-02   8.77857860E-03
   1.55756315E-02   7.89067335E-03   1.54934712E-02   7.76640372E-03
   1.37557844E-02   6.96699554E-03   1.36834737E-02   6.85763406E-03
   1.21252434E-02   6.13954943E-03   1.20617254E-02   6.04348863E-03
   1.06674461E-02   5.39990328E-03   1.06117651E-02   5.31570148E-03
   9.36690066E-03   4.74018371E-03   9.31819342E-03   4.66651423E-03
   8.20912141E-03   4.15302115E-03   8.16658605E-03   4.08869842E-03
   7.18063209E-03   3.63155873E-03   7.14356778E-03   3.57550895E-03
   6.26893854E-03   3.16943740E-03   6.23670872E-03   3.12069105E-03
   5.46249514E-03   2.76078191E-03   5.43452194E-03   2.71847285E-03
   4.75065550E-03   2.40017590E-03   4.72642435E-03   2.36352603E-03
   4.12365142E-03   2.08264519E-03   4.10270691E-03   2.05096207E-03
   3.57253524E-03   1.80363760E-03   3.55446618E-03   1.77630025E-03
   3.08913784E-03   1.55899674E-03   3.07358010E-03   1.53545570E-03
   2.66602845E-03   1.34494330E-03   2.65266025E-03   1.32471276E-03
   2.29646033E-03   1.15804584E-03   2.28499831E-03   1.14069448E-03
   1.97433587E-03   9.95200826E-04   1.96452579E-03   9.80348210E-04
   1.69414585E-03   8.53609876E-04   1.68576685E-03   8.40921537E-04
   1.45093747E-03   7.30756030E-04   1.44379563E-03   7.19938311E-04
   1.24026812E-03   6.24381821E-04   1.23419298E-03   6.15177210E-04
   1.05816114E-03   5.32467500E-04   1.05300290E-03   5.24651899E-04
   9.01068503E-04   4.53212444E-04   8.96697631E-04   4.46589023E-04
   7.65833189E-04   3.85014137E-04   7.62137701E-04   3.79412464E-04
   6.49653433E-04   3.26451089E-04   6.46534143E-04   3.21723172E-04
   5.50047960E-04   2.76265695E-04   5.47420757E-04   2.72283069E-04
   4.64827579E-04   2.33347979E-04   4.62619384E-04   2.29999918E-04
   3.92063055E-04   1.96720343E-04   3.90210887E-04   1.93911401E-04
   3.30060488E-04   1.65524878E-04   3.28509777E-04   1.63173288E-04
   2.77335319E-04   1.39010197E-04   2.76039907E-04   1.37045427E-04
   2.32590275E-04   1.16519805E-04   2.31510508E-04   1.14881528E-04
   1.94694323E-04   9.74817885E-05   1.93795990E-04   9.61185287E-05
   1.62663899E-04   8.13988445E-05   1.61918317E-04   8.02667710E-05
   1.35645867E-04   6.78398064E-05   1.35027920E-04   6.69016736E-05
   1.12901369E-04   5.64317197E-05   1.12390429E-04   5.56558698E-05
   9.37928417E-05   4.68526741E-05   9.33712363E-05   4.62123680E-05
   7.77711102E-05   3.88256703E-05   7.74240179E-05   3.82982944E-05
   6.43645617E-05   3.21126936E-05   6.40793805E-05   3.16792793E-05
   5.31685764E-05   2.65099388E-05   5.29347817E-05   2.61544392E-05
   4.38373063E-05   2.18431505E-05   4.36460250E-05   2.15521795E-05
   3.60756130E-05   1.79637391E-05   3.59194200E-05   1.77260790E-05
   2.96322942E-05   1.47453165E-05   2.95050286E-05   1.45515942E-05
   2.42940077E-05   1.20805635E-05   2.41905527E-05   1.19229944E-05
   1.98799771E-05   9.87862404E-06   1.97960453E-05   9.75074090E-06
   1.62373653E-05   8.06273238E-06   1.61694206E-05   7.95915912E-06
   1.32372961E-05   6.56817838E-06   1.31824099E-05   6.48447030E-06
   1.07712676E-05   5.34053470E-06   1.07270325E-05   5.27303155E-06
   8.74821944E-06   4.33413561E-06   8.71263546E-06   4.27981786E-06
   7.09181813E-06   3.51073390E-06   7.06325955E-06   3.46712454E-06
   5.73827310E-06   2.83838790E-06   5.71540204E-06   2.80345125E-06
   4.63436982E-06   2.29046918E-06   4.61609670E-06   2.26254201E-06
   3.73582725E-06   1.84482883E-06   3.72125965E-06   1.82255405E-06
   3.00586339E-06   1.48308789E-06   2.99427506E-06   1.46536217E-06
   2.41400858E-06   1.19002789E-06   2.40481108E-06   1.17595357E-06
   1.93506207E-06   9.53075073E-07   1.92777907E-06   9.41924895E-07
   1.54823931E-06   7.61862168E-07   1.54248471E-06   7.53048653E-07
   1.23642531E-06   6.07862319E-07   1.23188829E-06   6.00910880E-07
   9.85561542E-07   4.84075713E-07   9.81992685E-07   4.78605614E-07
   7.84126144E-07   3.84769095E-07   7.81325753E-07   3.80474773E-07
   6.22693847E-07   3.05257231E-07   6.20501964E-07   3.01894147E-07
   4.93570838E-07   2.41719079E-07   4.91858884E-07   2.39091179E-07
   3.90490612E-07   1.91044393E-07   3.89156412E-07   1.88995912E-07
