   1.83454148E-07   8.21874551E-08   1.83454148E-07   8.21874551E-08
   1.83455541E-07   8.21878672E-08   1.83455541E-07   8.21878672E-08
   1.83455541E-07   8.21878672E-08   1.83455541E-07   8.21878672E-08
   1.83455541E-07   8.21878672E-08   1.83455541E-07   8.21878672E-08
   1.83455541E-07   8.21878672E-08   1.83455541E-07   8.21878672E-08
   1.83455541E-07   8.21878672E-08   1.83455541E-07   8.21878672E-08
   1.83455541E-07   8.21878672E-08   1.83455541E-07   8.21878672E-08
   1.83455541E-07   8.21878672E-08   1.83455541E-07   8.21878672E-08
   1.83455541E-07   8.21878672E-08   1.83455541E-07   8.21878672E-08
   1.83455541E-07   8.21878672E-08   1.83455541E-07   8.21878672E-08
   1.83455541E-07   8.21878672E-08   1.83455541E-07   8.21878672E-08
   1.83455541E-07   8.21878672E-08   1.83455541E-07   8.21878672E-08
   1.83455541E-07   8.21878672E-08   1.83455541E-07   8.21878672E-08
   1.83455541E-07   8.21878672E-08   1.83455541E-07   8.21878672E-08
   1.83455541E-07   8.21878672E-08   1.83455541E-07   8.21878672E-08
   1.83455541E-07   8.21878672E-08   1.83455541E-07   8.21878672E-08
   1.83455541E-07   8.21878672E-08   1.83455541E-07   8.21878672E-08
   1.83455541E-07   8.21878672E-08   1.83455541E-07   8.21878672E-08
   1.83455541E-07   8.21878672E-08   1.83455541E-07   8.21878672E-08
   1.83455541E-07   8.21878672E-08   1.83455541E-07   8.21878672E-08
   1.83455541E-07   8.21878672E-08   1.83455541E-07   8.21878672E-08
   1.83455541E-07   8.21878672E-08   1.83455541E-07   8.21878672E-08
   1.83455541E-07   8.21878672E-08   1.83455541E-07   8.21878672E-08
   1.83455541E-07   8.21878672E-08   1.83455541E-07   8.21878672E-08
   1.83455541E-07   8.21878672E-08   1.83455541E-07   8.21878672E-08
   1.83455541E-07   8.21878672E-08   1.83455541E-07   8.21878672E-08
   1.83455541E-07   8.21878672E-08   1.83455541E-07   8.21878672E-08
   1.83455541E-07   8.21878672E-08   1.83455541E-07   8.21878672E-08
   1.83455541E-07   8.21878672E-08   1.83455541E-07   8.21878672E-08
   1.83455541E-07   8.21878672E-08   1.83455541E-07   8.21878672E-08
   1.83455541E-07   8.21878672E-08   1.83455541E-07   8.21878672E-08
   1.83455541E-07   8.21878672E-08   1.83455541E-07   8.21878672E-08
   1.83455541E-07   8.21878672E-08   1.83455541E-07   8.21878672E-08
   1.83455541E-07   8.21878672E-08   1.83455541E-07   8.21878672E-08
   1.83455541E-07   8.21878672E-08   1.83455541E-07   8.21878672E-08
   1.83455541E-07   8.21878672E-08   1.83455541E-07   8.21878672E-08
   1.83455541E-07   8.21878672E-08   1.83455541E-07   8.21878672E-08
   1.83455541E-07   8.21878672E-08   1.83455541E-07   8.21878672E-08
   1.83455541E-07   8.21878672E-08   1.83455541E-07   8.21878672E-08
   1.83455541E-07   8.21878672E-08   1.83455541E-07   8.21878672E-08
   1.83455541E-07   8.21878672E-08   1.83455541E-07   8.21878672E-08
   1.83455541E-07   8.21878672E-08   1.83455541E-07   8.21878672E-08
   1.83455541E-07   8.21878672E-08   1.83455541E-07   8.21878672E-08
   1.83455541E-07   8.21878672E-08   1.83455541E-07   8.21878672E-08
   1.83455541E-07   8.21878672E-08   1.83455541E-07   8.21878672E-08
   1.83455541E-07   8.21878672E-08   1.83455541E-07   8.21878672E-08
   1.83455541E-07   8.21878672E-08   1.83455541E-07   8.21878672E-08
   1.83455541E-07   8.21878672E-08   1.83455541E-07   8.21878672E-08
   1.83455541E-07   8.21878672E-08   1.83455541E-07   8.21878672E-08
   1.83455541E-07   8.21878672E-08   1.83455541E-07   8.21878672E-08
   1.83455541E-07   8.21878672E-08   1.83455541E-07   8.21878672E-08
   1.83455541E-07   8.21878672E-08   1.83455541E-07   8.21878672E-08
   1.83455541E-07   8.21878672E-08   1.83455541E-07   8.21878672E-08
   1.83455541E-07   8.21878672E-08   1.83455541E-07   8.21878672E-08
   1.83455541E-07   8.21878672E-08   1.83455541E-07   8.21878672E-08
   1.83455541E-07   8.21878672E-08   1.83455541E-07   8.21878672E-08
   1.83455541E-07   8.21878672E-08   1.83455541E-07   8.21878672E-08
   1.83455541E-07   8.21878672E-08   1.83455541E-07   8.21878672E-08
   1.83455541E-07   8.21878672E-08   1.83455541E-07   8.21878672E-08
   1.83455541E-07   8.21878672E-08   1.83455541E-07   8.21878672E-08
   1.83455541E-07   8.21878672E-08   1.83455541E-07   8.21878672E-08
   1.83455541E-07   8.21878672E-08   1.83455541E-07   8.21878672E-08
   1.83455541E-07   8.21878672E-08   1.83455541E-07   8.21878672E-08
   1.83455541E-07   8.21878672E-08   1.83455541E-07   8.21878672E-08
   1.83455541E-07   8.21878672E-08   1.83455541E-07   8.21878672E-08
   1.83455541E-07   8.21878672E-08   1.83455541E-07   8.21878672E-08
   1.83455541E-07   8.21878672E-08   1.83455541E-07   8.21878672E-08
   1.83455541E-07   8.21878672E-08   1.83455541E-07   8.21878672E-08
   1.83455541E-07   8.21878672E-08   1.83455541E-07   8.21878672E-08
   1.83455541E-07   8.21878672E-08   1.83455541E-07   8.21878672E-08
   1.83455541E-07   8.21878672E-08   1.83455541E-07   8.21878672E-08
   1.83455541E-07   8.21878672E-08   1.83455541E-07   8.21878672E-08
   1.83455541E-07   8.21878672E-08   1.83455541E-07   8.21878672E-08
   1.83455541E-07   8.21878672E-08   1.83455541E-07   8.21878672E-08
   1.83455541E-07   8.21878672E-08   1.83455541E-07   8.21878672E-08
   1.83455541E-07   8.21878672E-08   1.83455541E-07   8.21878672E-08
   1.83457928E-07   8.21887909E-08   1.83457928E-07   8.21887909E-08
   1.83462646E-07   8.21910078E-08   1.83462646E-07   8.21910078E-08
   1.83470959E-07   8.21946884E-08   1.83470959E-07   8.21946884E-08
   1.83484715E-07   8.22008417E-08   1.83484715E-07   8.22008417E-08
   1.83506600E-07   8.22106685E-08   1.83506600E-07   8.22106685E-08
   1.83540649E-07   8.22259452E-08   1.83540649E-07   8.22259452E-08
   1.83592704E-07   8.22492723E-08   1.83592704E-07   8.22492723E-08
   1.83669201E-07   8.22834778E-08   1.83669201E-07   8.22834778E-08
   1.83783598E-07   8.23346156E-08   1.83783598E-07   8.23346156E-08
   1.83952139E-07   8.24100113E-08   1.83952139E-07   8.24100113E-08
   1.84195670E-07   8.25198185E-08   1.84195670E-07   8.25198185E-08
   1.84547090E-07   8.26770190E-08   1.84547090E-07   8.26770190E-08
   1.85046787E-07   8.29006339E-08   1.85046787E-07   8.29006339E-08
   1.85751546E-07   8.32160865E-08   1.85751475E-07   8.32160865E-08
   1.86734013E-07   8.36566727E-08   1.86733814E-07   8.36568930E-08
   1.88095711E-07   8.42669294E-08   1.88095399E-07   8.42678247E-08
   1.89964609E-07   8.51051070E-08   1.89964382E-07   8.51064215E-08
   1.92510299E-07   8.62465726E-08   1.92509816E-07   8.62489244E-08
   1.95948971E-07   8.77895943E-08   1.95948374E-07   8.77933957E-08
   2.00557864E-07   8.98595474E-08   2.00557338E-07   8.98652459E-08
   2.06690075E-07   9.26175758E-08   2.06688952E-07   9.26256263E-08
   2.14794042E-07   9.62699716E-08   2.14791925E-07   9.62800542E-08
   2.25444339E-07   1.01080978E-07   2.25440431E-07   1.01091729E-07
   2.39382047E-07   1.07388701E-07   2.39375538E-07   1.07397994E-07
   2.57549516E-07   1.15619720E-07   2.57538801E-07   1.15624864E-07
   2.81122425E-07   1.26305977E-07   2.81106168E-07   1.26304144E-07
   3.11548661E-07   1.40105897E-07   3.11524190E-07   1.40093292E-07
   3.50612027E-07   1.57834236E-07   3.50575903E-07   1.57805857E-07
   4.00509037E-07   1.80496656E-07   4.00456287E-07   1.80445568E-07
   4.63936260E-07   2.09332001E-07   4.63860175E-07   2.09248242E-07
   5.44199224E-07   2.45861941E-07   5.44089346E-07   2.45731229E-07
   6.45335831E-07   2.91951466E-07   6.45179227E-07   2.91754020E-07
   7.72269573E-07   3.49879542E-07   7.72047031E-07   3.49587452E-07
   9.30984584E-07   4.22424080E-07   9.30670524E-07   4.21999630E-07
   1.12874238E-06   5.12964675E-07   1.12830253E-06   5.12356223E-07
   1.37432505E-06   6.25600649E-07   1.37371194E-06   6.24738789E-07
   1.67832945E-06   7.65293692E-07   1.67747930E-06   7.64084575E-07
   2.05351921E-06   9.38040216E-07   2.05234642E-06   9.36358049E-07
   2.51522215E-06   1.15106411E-06   2.51361689E-06   1.14874274E-06
   3.08181825E-06   1.41305452E-06   3.07962819E-06   1.40987447E-06
   3.77528249E-06   1.73443561E-06   3.77231413E-06   1.73011290E-06
   4.62183971E-06   2.12769442E-06   4.61784111E-06   2.12185546E-06
   5.65270739E-06   2.60774732E-06   5.64736001E-06   2.59990861E-06
   6.90497336E-06   3.19237233E-06   6.89785020E-06   3.18191269E-06
   8.42258578E-06   3.90271998E-06   8.41315978E-06   3.88884155E-06
   1.02575004E-05   4.76389187E-06   1.02450740E-05   4.74556737E-06
   1.24710123E-05   5.80561573E-06   1.24547096E-05   5.78155004E-06
   1.51352542E-05   7.06300489E-06   1.51139857E-05   7.03156184E-06
   1.83349166E-05   8.57745908E-06   1.83072771E-05   8.53657275E-06
   2.21691953E-05   1.03976572E-05   2.21334394E-05   1.03447319E-05
   2.67540472E-05   1.25807474E-05   2.67080013E-05   1.25125343E-05
   3.22245651E-05   1.51936147E-05   3.21655352E-05   1.51060676E-05
   3.87379478E-05   1.83143748E-05   3.86626161E-05   1.82024996E-05
   4.64766526E-05   2.20341135E-05   4.63808574E-05   2.18917248E-05
   5.56518426E-05   2.64586852E-05   5.55306178E-05   2.62781396E-05
   6.65074767E-05   3.17109079E-05   6.63544997E-05   3.14828831E-05
   7.93244690E-05   3.79329613E-05   7.91322018E-05   3.76460230E-05
   9.44259154E-05   4.52889653E-05   9.41851831E-05   4.49291620E-05
   1.12182301E-04   5.39680186E-05   1.11881993E-04   5.35184554E-05
   1.33017369E-04   6.41875085E-05   1.32643938E-04   6.36276163E-05
   1.57414732E-04   7.61965057E-05   1.56952156E-04   7.55017245E-05
   1.85925441E-04   9.02801403E-05   1.85354074E-04   8.94207260E-05
   2.19174792E-04   1.06763851E-04   2.18471148E-04   1.05704021E-04
   2.57871812E-04   1.26017985E-04   2.57008243E-04   1.24715167E-04
   3.02817847E-04   1.48463121E-04   3.01761524E-04   1.46866674E-04
   3.54917167E-04   1.74576518E-04   3.53629119E-04   1.72625936E-04
   4.15186340E-04   2.04896860E-04   4.13620583E-04   2.02520867E-04
   4.84767079E-04   2.40032226E-04   4.82869305E-04   2.37146625E-04
   5.64937014E-04   2.80666165E-04   5.62644564E-04   2.77171639E-04
   6.57124154E-04   3.27566697E-04   6.54361560E-04   3.23346787E-04
   7.62918324E-04   3.81592807E-04   7.59600603E-04   3.76511423E-04
   8.84087523E-04   4.43704950E-04   8.80113395E-04   4.37602139E-04
   1.02259067E-03   5.14971267E-04   1.01784465E-03   5.07662597E-04
   1.18059712E-03   5.96581318E-04   1.17494329E-03   5.87852031E-04
   1.36049534E-03   6.89850480E-04   1.35378004E-03   6.79452496E-04
   1.56491995E-03   7.96236040E-04   1.55696215E-03   7.83882337E-04
   1.79675559E-03   9.17343714E-04   1.78735214E-03   9.02704487E-04
   2.05916446E-03   1.05493958E-03   2.04808079E-03   1.03763759E-03
   2.35559652E-03   1.21096114E-03   2.34256918E-03   1.19056227E-03
   2.68981606E-03   1.38752942E-03   2.67453911E-03   1.36354065E-03
   3.06590414E-03   1.58695586E-03   3.04803182E-03   1.55881734E-03
   3.48828314E-03   1.81175978E-03   3.46743036E-03   1.77883217E-03
   3.96172935E-03   2.06467090E-03   3.93746188E-03   2.02623568E-03
   4.49139485E-03   2.34864955E-03   4.46321582E-03   2.30389158E-03
   5.08281263E-03   2.66688201E-03   5.05017163E-03   2.61488860E-03
   5.74190356E-03   3.02279973E-03   5.70418732E-03   2.96254246E-03
   6.47499599E-03   3.42008728E-03   6.43151905E-03   3.35041783E-03
   7.28884153E-03   3.86268320E-03   7.23885186E-03   3.78231728E-03
   8.19060206E-03   4.35478147E-03   8.13324284E-03   4.26229229E-03
   9.18785855E-03   4.90084244E-03   9.12219752E-03   4.79464605E-03
   1.02886213E-02   5.50559629E-03   1.02136349E-02   5.38393762E-03
   1.15013346E-02   6.17403211E-03   1.14158783E-02   6.03497820E-03
   1.28348209E-02   6.91140443E-03   1.27376569E-02   6.75282255E-03
   1.42983366E-02   7.72322109E-03   1.41881118E-02   7.54277455E-03
   1.59015339E-02   8.61523673E-03   1.57767665E-02   8.41036811E-03
   1.76544208E-02   9.59344301E-03   1.75134819E-02   9.36135836E-03
   1.95673741E-02   1.06640551E-02   1.94084886E-02   1.04017034E-02
   2.16510631E-02   1.18334927E-02   2.14723498E-02   1.15375658E-02
   2.39164960E-02   1.31083503E-02   2.37159487E-02   1.27752777E-02
   2.63749193E-02   1.44953793E-02   2.61503030E-02   1.41213071E-02
   2.90377866E-02   1.60014611E-02   2.87867673E-02   1.55822560E-02
   3.19167338E-02   1.76335890E-02   3.16367932E-02   1.71648078E-02
   3.50235514E-02   1.93988085E-02   3.47119644E-02   1.88756827E-02
   3.83700021E-02   2.13041808E-02   3.80239859E-02   2.07216498E-02
   4.19679359E-02   2.33567711E-02   4.15844806E-02   2.27094125E-02
   4.58291508E-02   2.55635250E-02   4.54050116E-02   2.48456560E-02
   4.99652438E-02   2.79313084E-02   4.94970568E-02   2.71368809E-02
   5.43876290E-02   3.04668248E-02   5.38718775E-02   2.95894891E-02
   5.91074489E-02   3.31764556E-02   5.85404225E-02   3.22096087E-02
   6.41354546E-02   3.60664800E-02   6.35133013E-02   3.50031331E-02
   6.94819689E-02   3.91426310E-02   6.88006207E-02   3.79755571E-02
   7.51566738E-02   4.24103141E-02   7.44119883E-02   4.11320217E-02
   8.11687410E-02   4.58745025E-02   8.03563446E-02   4.44771722E-02
   8.75264630E-02   4.95395288E-02   8.66417587E-02   4.80151400E-02
   9.42371860E-02   5.34091778E-02   9.32758003E-02   5.17495088E-02
  0.101307385       5.74864484E-02  0.100264758       5.56831472E-02
  0.108742647       6.17737435E-02  0.107613944       5.98182902E-02
  0.116547003       6.62724674E-02  0.115327351       6.41562045E-02
  0.124723218       7.09832534E-02  0.123407841       6.86974302E-02
  0.133272782       7.59056211E-02  0.131856814       7.34416842E-02
  0.142195344       8.10382366E-02  0.140674248       7.83875361E-02
  0.151489213       8.63784999E-02  0.149857998       8.35324153E-02
  0.161150396       9.19227153E-02  0.159404367       8.88729542E-02
  0.171173573       9.76660028E-02  0.169308007       9.44044068E-02
  0.181550682      0.103602104      0.179561287      0.100120790    
  0.192271739      0.109723583      0.190154135      0.106015019    
  0.203324497      0.116021410      0.201074496      0.112078570    
  0.214693740      0.122485206      0.212307811      0.118301578    
  0.226362363      0.129103273      0.223836675      0.124672726    
  0.238310099      0.135862321      0.235641614      0.131179512    
  0.250514090      0.142747566      0.247699901      0.137807891    
  0.262948751      0.149742782      0.259986281      0.144542262    
  0.275585532      0.156830207      0.272472560      0.151365861    
  0.288392484      0.163990751      0.285127670      0.158260345    
  0.301335335      0.171203747      0.297917843      0.165206164    
  0.314377338      0.178447351      0.310807019      0.172182292    
  0.327478528      0.185698152      0.323754579      0.179166853    
  0.340595961      0.192932129      0.336719215      0.186136231    
  0.353684366      0.200123742      0.349656194      0.193066224    
  0.366696715      0.207246244      0.362519294      0.199931547    
  0.379583269      0.214272603      0.375259221      0.206706002    
  0.392292559      0.221174881      0.387825161      0.213362932    
  0.404771388      0.227924690      0.400164902      0.219875082    
  0.416966528      0.234493077      0.412225336      0.226214841    
  0.428822666      0.240851417      0.423951507      0.232354477    
  0.440283924      0.246970743      0.435289264      0.238266245    
  0.451295465      0.252822787      0.446183741      0.243922755    
  0.461802334      0.258379579      0.456580400      0.249296844    
  0.471751034      0.263613611      0.466426671      0.254362613    
  0.481088400      0.268499047      0.475670367      0.259094805    
  0.489764720      0.273010522      0.484260947      0.263468713    
  0.497731417      0.277125120      0.492151439      0.267461509    
  0.504943669      0.280820370      0.499297351      0.271052361    
  0.511359394      0.284075916      0.505657017      0.274221659    
  0.516941428      0.286874115      0.511191905      0.276950866    
  0.521654069      0.289199173      0.515868545      0.279225081    
  0.525469244      0.291037440      0.519658208      0.281031370    
  0.528362155      0.292377710      0.522536218      0.282357901    
  0.530312777      0.293211162      0.524483860      0.283197135    
  0.531307995      0.293532610      0.525485337      0.283542007    
  0.531337857      0.293339372      0.525536001      0.283390462    
  0.530400693      0.292630762      0.524627209      0.282743305    
  0.528499126      0.291410327      0.522765696      0.281600744    
  0.525641859      0.289682359      0.519956887      0.279967904    
  0.521842480      0.287455827      0.516217232      0.277853310    
  0.517120302      0.284741312      0.511564195      0.275266588    
  0.511500716      0.281552166      0.506023407      0.272220641    
  0.505012929      0.277904928      0.499622583      0.268730730    
  0.497691989      0.273817539      0.492396802      0.264814705    
  0.489576697      0.269310832      0.484384656      0.260491639    
  0.480709970      0.264406949      0.475628197      0.255783588    
  0.471138597      0.259130508      0.466173828      0.250713676    
  0.460911989      0.253507257      0.456070691      0.245306745    
  0.450083017      0.247564673      0.445370495      0.239588991    
  0.438706070      0.241331309      0.434127092      0.233588040    
  0.426837772      0.234836280      0.422396421      0.227332056    
  0.414535165      0.228109553      0.410235316      0.220849961    
  0.401857167      0.221181601      0.397702008      0.214171097    
  0.388861984      0.214083120      0.384853721      0.207324892    
  0.375608206      0.206844553      0.371748656      0.200341135    
  0.362153977      0.199496105      0.358444124      0.193249181    
  0.348555505      0.192067891      0.344995588      0.186077788    
  0.334867924      0.184588894      0.331458271      0.178855225    
  0.321144551      0.177087471      0.317884952      0.171609014    
  0.307436764      0.169591084      0.304326057      0.164365426    
  0.293793440      0.162125155      0.290829986      0.157149836    
  0.280260742      0.154715106      0.277442545      0.149986237    
  0.266881675      0.147384122      0.264206439      0.142897338    
  0.253696263      0.140153944      0.251161605      0.135904312    
  0.240741745      0.133044705      0.238344371      0.129026830    
  0.228051707      0.126074851      0.225788161      0.122282892    
  0.215656295      0.119261265      0.213522807      0.115688808    
  0.203582436      0.112618946      0.201575369      0.109259225    
  0.191854134      0.106161192      0.189969227      0.103007212    
  0.180491388       9.98996124E-02  0.178724468       9.69439223E-02
  0.169511512       9.38439593E-02  0.167858019       9.10791010E-02
  0.158928484       8.80025327E-02  0.157383695       8.54207128E-02
  0.148752734       8.23817179E-02  0.147312298       7.99750611E-02
  0.138992503       7.69864991E-02  0.137651667       7.47470856E-02
  0.129653141       7.18202814E-02  0.128407463       6.97403699E-02
  0.120737493       6.68852776E-02  0.119582258       6.49567246E-02
  0.112245873       6.21821024E-02  0.111176498       6.03971072E-02
  0.104176387       5.77101968E-02  0.103188172       5.60610369E-02
   9.65251699E-02   5.34678735E-02   9.56136659E-02   5.19469120E-02
   8.92864242E-02   4.94524054E-02   8.84471312E-02   4.80522327E-02
   8.24527368E-02   4.56600636E-02   8.16814452E-02   4.43733931E-02
   7.60152638E-02   4.20863330E-02   7.53076300E-02   4.09060903E-02
   6.99639544E-02   3.87259461E-02   6.93158284E-02   3.76452915E-02
   6.42872974E-02   3.55729945E-02   6.36948720E-02   3.45853195E-02
   5.89732416E-02   3.26209329E-02   5.84326610E-02   3.17199230E-02
   5.40088266E-02   2.98628286E-02   5.35164624E-02   2.90423743E-02
   4.93804552E-02   2.72913482E-02   4.89328019E-02   2.65455935E-02
   4.50740382E-02   2.48988271E-02   4.46677729E-02   2.42222082E-02
   4.10751551E-02   2.26774048E-02   4.07071784E-02   2.20646672E-02
   3.73692289E-02   2.06190478E-02   3.70364673E-02   2.00651698E-02
   3.39414552E-02   1.87156573E-02   3.36411707E-02   1.82159152E-02
   3.07771787E-02   1.69591103E-02   3.05066686E-02   1.65090561E-02
   2.78617889E-02   1.53413331E-02   2.76185442E-02   1.49367694E-02
   2.51808651E-02   1.38543081E-02   2.49625407E-02   1.34913167E-02
   2.27202456E-02   1.24901654E-02   2.25246530E-02   1.21650882E-02
   2.04661395E-02   1.12412218E-02   2.02912465E-02   1.09506343E-02
   1.84051506E-02   1.00999745E-02   1.82490461E-02   9.84071661E-03
   1.65243298E-02   9.05919448E-03   1.63852386E-02   8.82830936E-03
   1.48110986E-02   8.11185967E-03   1.46874152E-02   7.90663529E-03
