   1.83454148E-07   8.21874551E-08   1.83454148E-07   8.21874551E-08
   1.83455541E-07   8.21878672E-08   1.83455541E-07   8.21878672E-08
   1.83455541E-07   8.21878672E-08   1.83455541E-07   8.21878672E-08
   1.83455541E-07   8.21878672E-08   1.83455541E-07   8.21878672E-08
   1.83455541E-07   8.21878672E-08   1.83455541E-07   8.21878672E-08
   1.83455541E-07   8.21878672E-08   1.83455541E-07   8.21878672E-08
   1.83455541E-07   8.21878672E-08   1.83455541E-07   8.21878672E-08
   1.83455541E-07   8.21878672E-08   1.83455541E-07   8.21878672E-08
   1.83455541E-07   8.21878672E-08   1.83455541E-07   8.21878672E-08
   1.83455541E-07   8.21878672E-08   1.83455541E-07   8.21878672E-08
   1.83455541E-07   8.21878672E-08   1.83455541E-07   8.21878672E-08
   1.83457203E-07   8.21885848E-08   1.83457203E-07   8.21885848E-08
   1.83465147E-07   8.21920807E-08   1.83465147E-07   8.21920807E-08
   1.83486790E-07   8.22017938E-08   1.83486790E-07   8.22017938E-08
   1.83539782E-07   8.22255615E-08   1.83539782E-07   8.22255615E-08
   1.83659836E-07   8.22793567E-08   1.83659836E-07   8.22793567E-08
   1.83914011E-07   8.23932353E-08   1.83914011E-07   8.23932353E-08
   1.84420841E-07   8.26203461E-08   1.84420841E-07   8.26203461E-08
   1.85378255E-07   8.30492297E-08   1.85378255E-07   8.30492297E-08
   1.87099005E-07   8.38201188E-08   1.87099005E-07   8.38201188E-08
   1.90054365E-07   8.51440589E-08   1.90054365E-07   8.51440589E-08
   1.94923373E-07   8.73254038E-08   1.94923373E-07   8.73254038E-08
   2.02646731E-07   9.07854414E-08   2.02646731E-07   9.07854414E-08
   2.14483322E-07   9.60882289E-08   2.14483322E-07   9.60882289E-08
   2.32069851E-07   1.03966997E-07   2.32069851E-07   1.03966997E-07
   2.57485482E-07   1.15353188E-07   2.57485482E-07   1.15353188E-07
   2.93325400E-07   1.31409408E-07   2.93325400E-07   1.31409408E-07
   3.42792362E-07   1.53570582E-07   3.42792362E-07   1.53570582E-07
   4.09812628E-07   1.83595617E-07   4.09812628E-07   1.83595617E-07
   4.99190094E-07   2.23636889E-07   4.99190094E-07   2.23636889E-07
   6.16807029E-07   2.76329445E-07   6.16807029E-07   2.76329445E-07
   7.69883343E-07   3.44907392E-07   7.69883343E-07   3.44907392E-07
   9.67305141E-07   4.33352398E-07   9.67305141E-07   4.33352398E-07
   1.22003439E-06   5.46574540E-07   1.22003439E-06   5.46574540E-07
   1.54161035E-06   6.90640491E-07   1.54161035E-06   6.90640491E-07
   1.94875997E-06   8.73044314E-07   1.94875997E-06   8.73044314E-07
   2.46213290E-06   1.10303415E-06   2.46213290E-06   1.10303415E-06
   3.10716723E-06   1.39201006E-06   3.10716723E-06   1.39201006E-06
   3.91515141E-06   1.75398804E-06   3.91515141E-06   1.75398804E-06
   4.92446634E-06   2.20616198E-06   4.92446634E-06   2.20616198E-06
   6.18207514E-06   2.76957076E-06   6.18207514E-06   2.76957076E-06
   7.74527780E-06   3.46988418E-06   7.74527780E-06   3.46988418E-06
   9.68381300E-06   4.33834521E-06   9.68381300E-06   4.33834521E-06
   1.20823388E-05   5.41288409E-06   1.20823388E-05   5.41288409E-06
   1.50433452E-05   6.73941577E-06   1.50433452E-05   6.73941577E-06
   1.86906109E-05   8.37337939E-06   1.86906109E-05   8.37337939E-06
   2.31732083E-05   1.03815810E-05   2.31732083E-05   1.03815810E-05
   2.86702525E-05   1.28442753E-05   2.86702525E-05   1.28442753E-05
   3.53964388E-05   1.58576222E-05   3.53964388E-05   1.58576222E-05
   4.36084156E-05   1.95365847E-05   4.36084156E-05   1.95365847E-05
   5.36121661E-05   2.40182580E-05   5.36121661E-05   2.40182580E-05
   6.57716446E-05   2.94657311E-05   6.57716446E-05   2.94657311E-05
   8.05187374E-05   3.60724043E-05   8.05187374E-05   3.60724043E-05
   9.83643549E-05   4.40672775E-05   9.83643549E-05   4.40672775E-05
   1.19911529E-04   5.37204396E-05   1.19911529E-04   5.37204396E-05
   1.45870377E-04   6.53500610E-05   1.45870377E-04   6.53500610E-05
   1.77074689E-04   7.93295767E-05   1.77074689E-04   7.93295767E-05
   2.14500920E-04   9.60963807E-05   2.14500920E-04   9.60963807E-05
   2.59289227E-04   1.16161573E-04   2.59289227E-04   1.16161573E-04
   3.12768156E-04   1.40120275E-04   3.12768156E-04   1.40120275E-04
   3.76482145E-04   1.68664075E-04   3.76482145E-04   1.68664075E-04
   4.52219479E-04   2.02594514E-04   4.52219479E-04   2.02594514E-04
   5.42048016E-04   2.42837588E-04   5.42048016E-04   2.42837588E-04
   6.48351328E-04   2.90461408E-04   6.48351328E-04   2.90461408E-04
   7.73867010E-04   3.46692454E-04   7.73867010E-04   3.46692454E-04
   9.21735307E-04   4.12937370E-04   9.21735307E-04   4.12937370E-04
   1.09554443E-03   4.90803854E-04   1.09554443E-03   4.90803854E-04
   1.29938475E-03   5.82123408E-04   1.29938475E-03   5.82123408E-04
   1.53790391E-03   6.88980334E-04   1.53790391E-03   6.88980334E-04
   1.81637250E-03   8.13734136E-04   1.81637250E-03   8.13734136E-04
   2.14074319E-03   9.59052588E-04   2.14074319E-03   9.59052588E-04
   2.51772767E-03   1.12794165E-03   2.51772767E-03   1.12794165E-03
   2.95486301E-03   1.32377993E-03   2.95486301E-03   1.32377993E-03
   3.46059375E-03   1.55034661E-03   3.46059375E-03   1.55034661E-03
   4.04434698E-03   1.81186758E-03   4.04434698E-03   1.81186758E-03
   4.71662404E-03   2.11304659E-03   4.71662404E-03   2.11304659E-03
   5.48906904E-03   2.45910371E-03   5.48906904E-03   2.45910371E-03
   6.37457054E-03   2.85580847E-03   6.37457054E-03   2.85580847E-03
   7.38734799E-03   3.30953137E-03   7.38734799E-03   3.30953137E-03
   8.54301732E-03   3.82727082E-03   8.54301732E-03   3.82727082E-03
   9.85868555E-03   4.41668648E-03   9.85868555E-03   4.41668648E-03
   1.13530448E-02   5.08615980E-03   1.13530448E-02   5.08615980E-03
   1.30463224E-02   5.84475417E-03   1.30463224E-02   5.84477279E-03
   1.49606913E-02   6.70235371E-03   1.49606913E-02   6.70236768E-03
   1.71196684E-02   7.66959554E-03   1.71196684E-02   7.66960811E-03
   1.95490252E-02   8.75794701E-03   1.95490252E-02   8.75796936E-03
   2.22761147E-02   9.97970346E-03   2.22761091E-02   9.97974444E-03
   2.53301021E-02   1.13478797E-02   2.53300965E-02   1.13479486E-02
   2.87419111E-02   1.28763821E-02   2.87419055E-02   1.28764920E-02
   3.25443409E-02   1.45798400E-02   3.25443335E-02   1.45799881E-02
   3.67714316E-02   1.64735876E-02   3.67713980E-02   1.64738446E-02
   4.14587446E-02   1.85735710E-02   4.14586924E-02   1.85739510E-02
   4.66427989E-02   2.08961572E-02   4.66427281E-02   2.08967440E-02
   5.23603596E-02   2.34578867E-02   5.23602217E-02   2.34588124E-02
   5.86473644E-02   2.62751933E-02   5.86471930E-02   2.62766350E-02
   6.55381456E-02   2.93639489E-02   6.55378997E-02   2.93661747E-02
   7.30636343E-02   3.27392742E-02   7.30631649E-02   3.27424966E-02
   8.12508836E-02   3.64155658E-02   8.12500045E-02   3.64197344E-02
   9.01250243E-02   4.04073484E-02   9.01233926E-02   4.04119641E-02
   9.97159332E-02   4.47307117E-02   9.97132361E-02   4.47347797E-02
  0.110059567       4.94030789E-02  0.110055156       4.94053364E-02
  0.121194430       5.44418730E-02  0.121187672       5.44409826E-02
  0.133153781       5.98626062E-02  0.133143738       5.98571375E-02
  0.145965785       6.56791180E-02  0.145951614       6.56674504E-02
  0.159654066       7.19033405E-02  0.159634650       7.18835369E-02
  0.174237236       7.85452574E-02  0.174211025       7.85150900E-02
  0.189728811       8.56128260E-02  0.189694285       8.55698809E-02
  0.206138119       9.31121856E-02  0.206093356       9.30533558E-02
  0.223468825      0.101046883      0.223411947      0.100968994    
  0.241719246      0.109418109      0.241647884      0.109317429    
  0.260882676      0.118224479      0.260794371      0.118096881    
  0.280945331      0.127461523      0.280837208      0.127302617    
  0.301886678      0.137121737      0.301756203      0.136926755    
  0.323680997      0.147194684      0.323524654      0.146958470    
  0.346294463      0.157666966      0.346108854      0.157383710    
  0.369688630      0.168521643      0.369469941      0.168185428    
  0.393817604      0.179739296      0.393561959      0.179343492    
  0.418631047      0.191296905      0.418334007      0.190834701    
  0.444071591      0.203168690      0.443729103      0.202633277    
  0.470076472      0.215325549      0.469683915      0.214709520    
  0.496577382      0.227735206      0.496130884      0.227031544    
  0.523500264      0.240362540      0.522995055      0.239564151    
  0.550765276      0.253168970      0.550197184      0.252268761    
  0.578285277      0.266113013      0.577651620      0.265104502    
  0.605968058      0.279149652      0.605263233      0.278026640    
  0.633713424      0.292230725      0.632934630      0.290987462    
  0.661416948      0.305305272      0.660559714      0.303936720    
  0.688965380      0.318319559      0.688027322      0.316821545    
  0.716242552      0.331217617      0.715221167      0.329586148    
  0.743126392      0.343941927      0.742019475      0.342173487    
  0.769492090      0.356431544      0.768297970      0.354525149    
  0.795211911      0.368627042      0.793928862      0.366581231    
  0.820156693      0.380467951      0.818783998      0.378281862    
  0.844197750      0.391892970      0.842736006      0.389567256    
  0.867208660      0.402842611      0.865656018      0.400378495    
  0.889063239      0.413258404      0.887422442      0.410657942    
  0.909642696      0.423083842      0.907913506      0.420349717    
  0.928830385      0.432264686      0.927015841      0.429400712    
  0.946517408      0.440749824      0.944619894      0.437760204    
  0.962600768      0.448491216      0.960623920      0.445381314    
  0.976987302      0.455444217      0.974934459      0.452219844    
  0.989592195      0.461569011      0.987466931      0.458237290    
   1.00033891      0.466829509      0.998146057      0.463398397    
   1.00916326      0.471195012       1.00690770      0.467672586    
   1.01601028      0.474640012       1.01369679      0.471034378    
   1.02083659      0.477143794       1.01847196      0.473464131    
   1.02361298      0.478691280       1.02120292      0.474946618    
   1.02432442      0.479272395       1.02186811      0.475472987    
   1.02295721      0.478884190       1.02047002      0.475041360    
   1.01952088      0.477528811       1.01700974      0.473652393    
   1.01403666      0.475214094       1.01150715      0.471314579    
   1.00653386      0.471953928       1.00399089      0.468041480    
  0.997058153      0.467767328      0.994508564      0.463852644    
  0.985663652      0.462678820      0.983114541      0.458772779    
  0.972416878      0.456718355      0.969874740      0.452831477    
  0.957394421      0.449920684      0.954865754      0.446063131    
  0.940683842      0.442325443      0.938175499      0.438506365    
  0.922381639      0.433975726      0.919898689      0.430204630    
  0.902590990      0.424918801      0.900139868      0.421204329    
  0.881423414      0.415205479      0.879009366      0.411555767    
  0.858995438      0.404888898      0.856623769      0.401312053    
  0.835428894      0.394025058      0.833104968      0.390528411    
  0.810850441      0.382671773      0.808578551      0.379261792    
  0.785387874      0.370888323      0.783172786      0.367571026    
  0.759171128      0.358735025      0.757016599      0.355515033    
  0.732331395      0.346271843      0.730240405      0.343154520    
  0.704997957      0.333559185      0.702973843      0.330548376    
  0.677299082      0.320656806      0.675343752      0.317755759    
  0.649360240      0.307623267      0.647476435      0.304834723    
  0.621303499      0.294516176      0.619493127      0.291841656    
  0.593246639      0.281390756      0.591510534      0.278831482    
  0.565301836      0.268299788      0.563640893      0.265856415    
  0.537575126      0.255293816      0.535989463      0.252966642    
  0.510166585      0.242420405      0.508656502      0.240209013    
  0.483169049      0.229724109      0.481734306      0.227627680    
  0.456668288      0.217246369      0.455308914      0.215263367    
  0.430742502      0.205024660      0.429456949      0.203153133    
  0.405461580      0.193093255      0.404248327      0.191331044    
  0.380887806      0.181482762      0.379746020      0.179827154    
  0.357075721      0.170219973      0.356003463      0.168668061    
  0.334071517      0.159327984      0.333066612      0.157876402    
  0.311913610      0.148826346      0.310974300      0.147471517    
  0.290632933      0.138730839      0.289757073      0.137469247    
  0.270253658      0.129054263      0.269438654      0.127881899    
  0.250792354      0.119805470      0.250035852      0.118718468    
  0.232259065      0.110990420      0.231558487      0.109984890    
  0.214657947      0.102612227      0.214010447      0.101684056    
  0.197987050       9.46710184E-02  0.197389960       9.38161910E-02
  0.182239071       8.71643722E-02  0.181689933       8.63787681E-02
  0.167402342       8.00875500E-02  0.166898131       7.93671384E-02
  0.153460324       7.34335184E-02  0.152998507       7.27743581E-02
  0.140392736       6.71934187E-02  0.139970720       6.65915683E-02
  0.128176078       6.13568053E-02  0.127791256       6.08084127E-02
  0.116783664       5.59115559E-02  0.116433732       5.54129705E-02
  0.106186718       5.08443862E-02  0.105869122       5.03920652E-02
   9.63540971E-02   4.61410321E-02   9.60665569E-02   4.57315259E-02
   8.72533768E-02   4.17863168E-02   8.69935527E-02   4.14163321E-02
   7.88506567E-02   3.77643928E-02   7.86163583E-02   3.74308713E-02
   7.11113662E-02   3.40590589E-02   7.09005073E-02   3.37590650E-02
   6.40003607E-02   3.06538157E-02   6.38111830E-02   3.03845592E-02
   5.74825406E-02   2.75320169E-02   5.73130138E-02   2.72908527E-02
   5.15226088E-02   2.46770307E-02   5.13711125E-02   2.44614966E-02
   4.60859202E-02   2.20723748E-02   4.59508076E-02   2.18801517E-02
   4.11383100E-02   1.97018255E-02   4.10180688E-02   1.95307508E-02
   3.66464779E-02   1.75495334E-02   3.65396813E-02   1.73975863E-02
   3.25780101E-02   1.56000266E-02   3.24833766E-02   1.54653564E-02
   2.89016813E-02   1.38384067E-02   2.88180113E-02   1.37192979E-02
   2.55874973E-02   1.22503284E-02   2.55136639E-02   1.21452045E-02
   2.26067286E-02   1.08220680E-02   2.25417241E-02   1.07294852E-02
   1.99320745E-02   9.54054017E-03   1.98749695E-02   9.45918169E-03
   1.75376777E-02   8.39337520E-03   1.74876004E-02   8.32203217E-03
   1.53991161E-02   7.36887613E-03   1.53553020E-02   7.30643654E-03
   1.34934643E-02   6.45604590E-03   1.34552158E-02   6.40151417E-03
   1.17992461E-02   5.64459059E-03   1.17659317E-02   5.59706846E-03
   1.02964789E-02   4.92491666E-03   1.02675157E-02   4.88358736E-03
   8.96658096E-03   4.28811181E-03   8.94144736E-03   4.25224751E-03
   7.79233268E-03   3.72592849E-03   7.77057651E-03   3.69486562E-03
   6.75788894E-03   3.23075266E-03   6.73909206E-03   3.20390589E-03
   5.84867317E-03   2.79559242E-03   5.83246723E-03   2.77243578E-03
   5.05133625E-03   2.41404236E-03   5.03738737E-03   2.39411113E-03
   4.35368577E-03   2.08025659E-03   4.34171734E-03   2.06313957E-03
   3.74464667E-03   1.78891630E-03   3.73439025E-03   1.77424401E-03
   3.21415369E-03   1.53519691E-03   3.20538459E-03   1.52264861E-03
   2.75311642E-03   1.31473981E-03   2.74563511E-03   1.30402856E-03
   2.35334248E-03   1.12361333E-03   2.34697177E-03   1.11448939E-03
   2.00746604E-03   9.58286691E-04   2.00205296E-03   9.50531161E-04
   1.70888670E-03   8.15597014E-04   1.70429796E-03   8.09018617E-04
   1.45171350E-03   6.92720118E-04   1.44783058E-03   6.87152147E-04
   1.23069750E-03   5.87140094E-04   1.22741819E-03   5.82437089E-04
   1.04117638E-03   4.96624387E-04   1.03841338E-03   4.92660271E-04
   8.79023108E-04   4.19195538E-04   8.76699283E-04   4.15861461E-04
   7.40593532E-04   3.53108364E-04   7.38642819E-04   3.50309827E-04
   6.22676627E-04   2.96826009E-04   6.21043262E-04   2.94481957E-04
   5.22454211E-04   2.48999801E-04   5.21089532E-04   2.47040502E-04
   4.37459123E-04   2.08448619E-04   4.36321425E-04   2.06814322E-04
   3.65536485E-04   1.74141518E-04   3.64589941E-04   1.72781190E-04
   3.04809306E-04   1.45180675E-04   3.04023153E-04   1.44050835E-04
   2.53647246E-04   1.20786892E-04   2.52995524E-04   1.19850309E-04
   2.10638071E-04   1.00284698E-04   2.10099053E-04   9.95098962E-05
   1.74561370E-04   8.30909703E-05   1.74116518E-04   8.24513772E-05
   1.44365884E-04   6.87033098E-05   1.43999714E-04   6.81764432E-05
   1.19148070E-04   5.66899798E-05   1.18847231E-04   5.62569221E-05
   9.81330668E-05   4.66809688E-05   9.78864118E-05   4.63257675E-05
   8.06585595E-05   3.83600309E-05   8.04567317E-05   3.80693200E-05
   6.61594386E-05   3.14574463E-05   6.59946745E-05   3.12200173E-05
   5.41552399E-05   2.57438915E-05   5.40210167E-05   2.55503801E-05
   4.42381388E-05   2.10247817E-05   4.41289958E-05   2.08673846E-05
   3.60629383E-05   1.71354386E-05   3.59743972E-05   1.70077037E-05
   2.93382764E-05   1.39368922E-05   2.92665372E-05   1.38334644E-05
   2.38186458E-05   1.13121287E-05   2.37606619E-05   1.12285488E-05
   1.92978259E-05   9.16284807E-06   1.92510815E-05   9.09546270E-06
   1.56030565E-05   7.40669884E-06   1.55654579E-05   7.35248250E-06
   1.25898750E-05   5.97485678E-06   1.25596925E-05   5.93132472E-06
   1.01378082E-05   4.80993822E-06   1.01136384E-05   4.77506046E-06
   8.14663508E-06   3.86420697E-06   8.12732560E-06   3.83632869E-06
   6.53317602E-06   3.09807024E-06   6.51778328E-06   3.07583218E-06
   5.22857135E-06   2.47874709E-06   5.21632683E-06   2.46104764E-06
   4.17595083E-06   1.97917279E-06   4.16622288E-06   1.96511610E-06
   3.32843933E-06   1.57705153E-06   3.32073682E-06   1.56591329E-06
   2.64752862E-06   1.25406405E-06   2.64143841E-06   1.24525661E-06
   2.10162489E-06   9.95188088E-07   2.09682275E-06   9.88239549E-07
   1.66488860E-06   7.88138891E-07   1.66111033E-06   7.82669247E-07
   1.31622744E-06   6.22892003E-07   1.31326112E-06   6.18596346E-07
   1.03846901E-06   4.91287778E-07   1.03614514E-06   4.87921284E-07
   8.17660407E-07   3.86698844E-07   8.15844601E-07   3.84066425E-07
   6.42495536E-07   3.03755087E-07   6.41079680E-07   3.01701533E-07
   5.03831927E-07   2.38115987E-07   5.02730245E-07   2.36517621E-07
   3.94293721E-07   1.86280758E-07   3.93438711E-07   1.85039511E-07
   3.07945413E-07   1.45432864E-07   3.07283159E-07   1.44471258E-07
   2.40019943E-07   1.13311280E-07   2.39508410E-07   1.12567960E-07
   1.86698685E-07   8.81047626E-08   1.86304632E-07   8.75314967E-08
   1.44929317E-07   6.83662051E-08   1.44626270E-07   6.79252068E-08
   1.12277469E-07   5.29420738E-08   1.12045107E-07   5.26035464E-08
   8.68061178E-08   4.09145109E-08   8.66283401E-08   4.06552374E-08
   6.69777123E-08   3.15551851E-08   6.68419986E-08   3.13570929E-08
   5.15742720E-08   2.42874627E-08   5.14708951E-08   2.41364546E-08
   3.96331359E-08   1.86556921E-08   3.95546174E-08   1.85408702E-08
   3.03953449E-08   1.43007455E-08   3.03358618E-08   1.42136480E-08
   2.32637287E-08   1.09401839E-08   2.32187798E-08   1.08742686E-08
   1.77694996E-08   8.35235703E-09   1.77356263E-08   8.30259328E-09
   1.35455167E-08   6.36373976E-09   1.35200535E-08   6.32626795E-09
   1.03048237E-08   4.83876939E-09   1.02857136E-08   4.81061324E-09
   7.82365550E-09   3.67177511E-09   7.80936471E-09   3.65067887E-09
   5.92793592E-09   2.78058709E-09   5.91727645E-09   2.76481948E-09
   4.48252369E-09   2.10143503E-09   4.47458826E-09   2.08968043E-09
   3.38272677E-09   1.58494817E-09   3.37683304E-09   1.57620750E-09
   2.54762988E-09   1.19298105E-09   2.54326649E-09   1.18649879E-09
   1.91483185E-09   8.96131780E-10   1.91160998E-09   8.91337948E-10
   1.43631684E-09   6.71784572E-10   1.43394374E-09   6.68248845E-10
   1.07521470E-09   5.02582920E-10   1.07347198E-09   4.99982167E-10
   8.03276390E-10   3.75236286E-10   8.02000966E-10   3.73328701E-10
   5.98907368E-10   2.79589712E-10   5.97976613E-10   2.78194440E-10
   4.45634751E-10   2.07901349E-10   4.44956766E-10   2.06883621E-10
   3.30919264E-10   1.54280977E-10   3.30427213E-10   1.53540666E-10
   2.45238330E-10   1.14257846E-10   2.44882337E-10   1.13720859E-10
   1.81375109E-10   8.44457143E-11   1.81118204E-10   8.40573861E-11
   1.33871775E-10   6.22855031E-11   1.33687034E-10   6.20055118E-11
   9.86102588E-11   4.58473086E-11   9.84778370E-11   4.56460945E-11
   7.24898128E-11   3.36789034E-11   7.23951732E-11   3.35347271E-11
   5.31805849E-11   2.46898439E-11   5.31131042E-11   2.45868759E-11
